local _P = game.Players.LocalPlayer
local _tool
for _,v in pairs(_P:GetDescendants()) do
	if v.Name == "SyncAPI" then _tool = v.Parent; break end
end
if not _tool then
	for _,v in pairs(game.ReplicatedStorage:GetDescendants()) do
		if v.Name == "SyncAPI" then _tool = v.Parent; break end
	end
end
if not _tool then warn("equip f3x first dummy"); return end
local _remote = _tool.SyncAPI.ServerEndpoint
local function _(a) return _remote:InvokeServer(table.unpack(a)) end
local pz = {}

do
  local _b = {}
  local _n = 0
  local _BATCH = 120
  local function _flush()
    if _n > 0 then
      _({'Remove', _b})
      table.clear(_b)
      _n = 0
    end
  end
  for _,v in ipairs(workspace:GetDescendants()) do
    if v:IsA('BasePart') then
      _n += 1
      _b[_n] = v
      if _n >= _BATCH then
        _flush()
        task.wait()
      end
    end
  end
  _flush()
end
do
  local _char=game.Players.LocalPlayer.Character
  if not _char then warn('no char'); return end
  local _hrp=_char:FindFirstChild('HumanoidRootPart')
  if not _hrp then warn('no hrp'); return end
  _G._f3x_origin=_hrp.CFrame*CFrame.new(0,0,-15)
end
local _origin=_G._f3x_origin
local _pq={}
do local _c={{1,'Normal',_origin*CFrame.new(134.036102,-5.469604,9.084717,-1.000000,0.000000,0.000000,0.000000,1.000000,0.000000,0.000000,0.000000,-1.000000)},{2,'Wedge',_origin*CFrame.new(21.332802,-5.469604,-63.477539,0.000000,1.000000,0.000000,-1.000000,0.000000,0.000000,0.000000,0.000000,1.000000)},{3,'Normal',_origin*CFrame.new(50.036095,-5.419739,120.684570,-1.000000,0.000000,0.000000,0.000000,1.000000,0.000000,0.000000,0.000000,-1.000000)},{4,'Normal',_origin*CFrame.new(59.482796,-6.569641,-3.627441,1.000000,0.000000,0.000000,0.000000,1.000000,0.000000,0.000000,0.000000,1.000000)},{5,'Normal',_origin*CFrame.new(102.632896,-6.469604,48.022461,1.000000,0.000000,0.000000,0.000000,1.000000,0.000000,0.000000,0.000000,1.000000)},{6,'Normal',_origin*CFrame.new(74.636101,-5.469604,108.384521,-1.000000,0.000000,0.000000,0.000000,1.000000,0.000000,0.000000,0.000000,-1.000000)},{7,'Normal',_origin*CFrame.new(71.836098,-5.469604,132.134521,-1.000000,0.000000,0.000000,0.000000,1.000000,0.000000,0.000000,0.000000,-1.000000)},{8,'Normal',_origin*CFrame.new(-60.117210,-6.569641,47.272461,1.000000,0.000000,0.000000,0.000000,1.000000,0.000000,0.000000,0.000000,1.000000)},{9,'Normal',_origin*CFrame.new(-26.867302,-6.469727,69.072266,-1.000000,0.000000,0.000000,0.000000,-1.000000,0.000000,0.000000,0.000000,1.000000)},{10,'Normal',_origin*CFrame.new(27.886101,-5.419739,111.084717,-1.000000,0.000000,0.000000,0.000000,1.000000,0.000000,0.000000,0.000000,-1.000000)},{11,'Wedge',_origin*CFrame.new(-74.634300,-6.069641,48.366699,-0.258808,0.000000,0.965929,0.000000,1.000000,0.000000,-0.965929,0.000000,-0.258808)},{12,'Normal',_origin*CFrame.new(-49.916512,-6.569519,-150.567871,1.000000,0.000000,0.000000,0.000000,1.000000,0.000000,0.000000,0.000000,1.000000)},{13,'Normal',_origin*CFrame.new(147.482605,-6.469727,-100.477539,0.000000,0.000000,1.000000,0.000000,1.000000,0.000000,-1.000000,0.000000,0.000000)},{14,'Normal',_origin*CFrame.new(102.632896,-6.469604,-12.777588,1.000000,0.000000,0.000000,0.000000,1.000000,0.000000,0.000000,0.000000,1.000000)},{15,'Normal',_origin*CFrame.new(102.632896,-6.469604,-25.477539,1.000000,0.000000,0.000000,0.000000,1.000000,0.000000,0.000000,0.000000,1.000000)},{16,'Wedge',_origin*CFrame.new(74.006294,-6.069641,-126.627686,0.984816,0.000000,-0.173603,0.000000,1.000000,0.000000,0.173603,0.000000,0.984816)},{17,'Normal',_origin*CFrame.new(44.091301,-5.469604,-61.377686,0.787950,0.000000,0.615739,0.000000,1.000000,0.000000,-0.615739,0.000000,0.787950)},{18,'Normal',_origin*CFrame.new(-8.967308,-5.469604,-73.677490,1.000000,0.000000,0.000000,0.000000,1.000000,0.000000,0.000000,0.000000,1.000000)},{19,'Wedge',_origin*CFrame.new(-14.666504,-6.019531,-78.527832,0.000000,-1.000000,0.000000,1.000000,0.000000,0.000000,0.000000,0.000000,1.000000)},{20,'Normal',_origin*CFrame.new(105.786095,-6.019531,97.084717,-1.000000,0.000000,0.000000,0.000000,1.000000,0.000000,0.000000,0.000000,-1.000000)},{21,'Wedge',_origin*CFrame.new(-73.793602,-6.069641,113.949951,1.000000,0.000000,0.000000,0.000000,1.000000,0.000000,0.000000,0.000000,1.000000)},{22,'Normal',_origin*CFrame.new(143.067505,-5.419739,130.981445,-0.965929,0.000000,0.258808,0.000000,1.000000,0.000000,-0.258808,0.000000,-0.965929)},{23,'Normal',_origin*CFrame.new(-14.667305,-5.469604,-72.677490,1.000000,0.000000,0.000000,0.000000,1.000000,0.000000,0.000000,0.000000,1.000000)},{24,'Wedge',_origin*CFrame.new(-61.516502,-6.569519,69.981934,0.000000,0.000000,1.000000,1.000000,0.000000,0.000000,0.000000,1.000000,0.000000)},{25,'Wedge',_origin*CFrame.new(152.332703,-6.469727,-101.527588,0.000000,1.000000,0.000000,-1.000000,0.000000,0.000000,0.000000,0.000000,1.000000)},{26,'Normal',_origin*CFrame.new(-55.217308,-6.569641,70.872314,1.000000,0.000000,0.000000,0.000000,1.000000,0.000000,0.000000,0.000000,1.000000)},{27,'Normal',_origin*CFrame.new(53.382896,-6.469604,-7.827637,1.000000,0.000000,0.000000,0.000000,1.000000,0.000000,0.000000,0.000000,1.000000)},{28,'Cylinder',_origin*CFrame.new(98.241188,-5.469727,97.380859,0.000000,0.707057,-0.707157,-1.000000,0.000000,0.000000,0.000000,0.707157,0.707057)},{29,'Wedge',_origin*CFrame.new(-68.443504,-6.019592,132.399902,0.000000,0.000000,1.000000,0.000000,1.000000,0.000000,-1.000000,0.000000,0.000000)},{30,'Wedge',_origin*CFrame.new(35.932594,-6.469727,-88.627686,0.000000,-1.000000,0.000000,1.000000,0.000000,0.000000,0.000000,0.000000,1.000000)},{31,'Wedge',_origin*CFrame.new(-68.440208,-6.069641,-64.194336,0.258808,0.000000,0.965929,0.000000,1.000000,0.000000,-0.965929,0.000000,0.258808)},{32,'Normal',_origin*CFrame.new(42.082802,-6.469604,-7.827637,0.965929,0.000000,0.258808,0.000000,1.000000,0.000000,-0.258808,0.000000,0.965929)},{33,'Normal',_origin*CFrame.new(133.786102,-6.019531,9.084717,-1.000000,0.000000,0.000000,0.000000,1.000000,0.000000,0.000000,0.000000,-1.000000)},{34,'Normal',_origin*CFrame.new(15.332802,-5.469604,-100.827637,1.000000,0.000000,0.000000,0.000000,1.000000,0.000000,0.000000,0.000000,1.000000)},{35,'Wedge',_origin*CFrame.new(-45.717308,-6.469727,38.322510,0.000000,0.000000,1.000000,1.000000,0.000000,0.000000,0.000000,1.000000,0.000000)},{36,'Normal',_origin*CFrame.new(-16.404396,-5.469604,-96.394043,0.965929,0.000000,0.258808,0.000000,1.000000,0.000000,-0.258808,0.000000,0.965929)},{37,'Normal',_origin*CFrame.new(-10.251907,-5.469604,-102.346191,0.838667,0.000000,0.544644,0.000000,1.000000,0.000000,-0.544644,0.000000,0.838667)},{38,'Normal',_origin*CFrame.new(41.987297,-6.019531,-59.035645,0.787950,0.000000,0.615739,0.000000,1.000000,0.000000,-0.615739,0.000000,0.787950)},{39,'Cylinder',_origin*CFrame.new(153.732605,-6.569641,-101.877686,0.000000,-1.000000,0.000000,1.000000,0.000000,0.000000,0.000000,0.000000,1.000000)},{40,'Normal',_origin*CFrame.new(-35.704308,-6.019531,-114.295654,0.866062,0.000000,0.499936,0.000000,1.000000,0.000000,-0.499936,0.000000,0.866062)},{41,'Normal',_origin*CFrame.new(-10.251907,-6.019531,-102.346191,0.838667,0.000000,0.544644,0.000000,1.000000,0.000000,-0.544644,0.000000,0.838667)},{42,'Normal',_origin*CFrame.new(102.632896,-6.469604,60.622559,1.000000,0.000000,0.000000,0.000000,1.000000,0.000000,0.000000,0.000000,1.000000)},{43,'Normal',_origin*CFrame.new(9.382896,-6.019531,-71.777588,1.000000,0.000000,0.000000,0.000000,1.000000,0.000000,0.000000,0.000000,1.000000)},{44,'Normal',_origin*CFrame.new(-16.404396,-6.019531,-96.394043,0.965929,0.000000,0.258808,0.000000,1.000000,0.000000,-0.258808,0.000000,0.965929)},{45,'Cylinder',_origin*CFrame.new(94.121895,-3.119629,99.333008,0.000000,1.000000,0.000000,-1.000000,0.000000,0.000000,0.000000,0.000000,1.000000)},{46,'Normal',_origin*CFrame.new(94.121895,11.630310,99.333008,1.000000,0.000000,0.000000,0.000000,1.000000,0.000000,0.000000,0.000000,1.000000)},{47,'Normal',_origin*CFrame.new(94.111794,23.530396,98.032959,1.000000,0.000000,0.000000,0.000000,1.000000,0.000000,0.000000,0.000000,1.000000)},{48,'Normal',_origin*CFrame.new(94.111794,23.530396,96.883545,-1.000000,0.000000,0.000000,0.000000,1.000000,0.000000,0.000000,0.000000,-1.000000)},{49,'Normal',_origin*CFrame.new(94.111794,23.230286,96.883545,-1.000000,0.000000,0.000000,0.000000,1.000000,0.000000,0.000000,0.000000,-1.000000)},{50,'Normal',_origin*CFrame.new(94.121895,-0.519531,99.333008,1.000000,0.000000,0.000000,0.000000,1.000000,0.000000,0.000000,0.000000,1.000000)},{51,'Normal',_origin*CFrame.new(-15.317108,-0.069641,-77.927490,0.000000,0.000000,-1.000000,0.000000,1.000000,0.000000,1.000000,0.000000,0.000000)},{52,'Cylinder',_origin*CFrame.new(-12.717407,0.810486,-77.832275,0.000000,0.000000,-1.000000,0.000000,1.000000,0.000000,1.000000,0.000000,0.000000)},{53,'Cylinder',_origin*CFrame.new(-13.242004,0.810486,-78.127441,0.000000,0.000000,-1.000000,0.000000,1.000000,0.000000,1.000000,0.000000,0.000000)},{54,'Normal',_origin*CFrame.new(-11.767105,0.230286,-77.327637,0.000000,0.000000,-1.000000,0.000000,-1.000000,-0.000000,-1.000000,0.000000,-0.000000)},{55,'Normal',_origin*CFrame.new(-9.367104,-0.019714,-105.077637,0.000000,0.000000,-1.000000,0.000000,1.000000,0.000000,1.000000,0.000000,0.000000)},{56,'Normal',_origin*CFrame.new(-24.554802,-4.169739,-71.676514,-0.258808,0.000000,-0.965929,0.000000,1.000000,0.000000,0.965929,0.000000,-0.258808)},{57,'Normal',_origin*CFrame.new(-24.528999,-0.619629,-71.773193,-0.258808,0.000000,-0.965929,0.000000,1.000000,0.000000,0.965929,0.000000,-0.258808)},{58,'Normal',_origin*CFrame.new(-21.852806,-0.519714,-71.521973,-0.258808,0.000000,-0.965929,0.000000,1.000000,0.000000,0.965929,0.000000,-0.258808)},{59,'Normal',_origin*CFrame.new(-24.364113,-0.519714,-72.195068,-0.258808,0.000000,-0.965929,0.000000,1.000000,0.000000,0.965929,0.000000,-0.258808)},{60,'Normal',_origin*CFrame.new(-26.875496,-0.519714,-72.867676,-0.258808,0.000000,-0.965929,0.000000,1.000000,0.000000,0.965929,0.000000,-0.258808)},{61,'Normal',_origin*CFrame.new(-13.066803,4.230469,-80.477783,0.000000,0.000000,-1.000000,0.000000,1.000000,0.000000,1.000000,0.000000,0.000000)},{62,'Normal',_origin*CFrame.new(-7.317108,0.230286,-104.427490,0.000000,0.000000,-1.000000,0.000000,1.000000,0.000000,1.000000,0.000000,0.000000)},{63,'Cylinder',_origin*CFrame.new(-6.417305,0.810486,-104.932373,0.000000,0.000000,-1.000000,0.000000,1.000000,0.000000,1.000000,0.000000,0.000000)},{64,'Normal',_origin*CFrame.new(-6.967102,5.980408,-104.427490,0.000000,0.000000,-1.000000,0.000000,1.000000,0.000000,1.000000,0.000000,0.000000)},{65,'Normal',_origin*CFrame.new(-15.317108,0.280396,-78.277588,0.000000,0.000000,-1.000000,0.000000,1.000000,0.000000,1.000000,0.000000,0.000000)},{66,'Normal',_origin*CFrame.new(-13.267105,-0.239685,-77.827637,0.000000,0.000000,-1.000000,0.000000,1.000000,0.000000,1.000000,0.000000,0.000000)},{67,'Normal',_origin*CFrame.new(40.809898,-0.469604,-103.916016,0.000000,0.000000,-1.000000,0.000000,1.000000,0.000000,1.000000,0.000000,0.000000)},{68,'Normal',_origin*CFrame.new(-6.967102,-0.239685,-104.927490,0.000000,0.000000,-1.000000,0.000000,1.000000,0.000000,1.000000,0.000000,0.000000)},{69,'Normal',_origin*CFrame.new(-6.766907,4.230469,-107.577881,0.000000,0.000000,-1.000000,0.000000,1.000000,0.000000,1.000000,0.000000,0.000000)},{70,'Normal',_origin*CFrame.new(-7.467102,0.380493,-104.427490,0.000000,0.000000,-1.000000,0.000000,1.000000,0.000000,1.000000,0.000000,0.000000)},{71,'Normal',_origin*CFrame.new(41.009697,4.630493,-108.265869,0.000000,0.000000,-1.000000,0.000000,1.000000,0.000000,1.000000,0.000000,0.000000)},{72,'Normal',_origin*CFrame.new(-6.967102,-0.489685,-104.927490,0.000000,0.000000,-1.000000,0.000000,1.000000,0.000000,1.000000,0.000000,0.000000)},{73,'Normal',_origin*CFrame.new(-9.017105,-0.019714,-105.377686,0.000000,0.000000,-1.000000,0.000000,1.000000,0.000000,1.000000,0.000000,0.000000)},{74,'Normal',_origin*CFrame.new(23.782799,4.580261,-78.327637,0.000000,0.000000,-1.000000,0.000000,1.000000,0.000000,1.000000,0.000000,0.000000)},{75,'Normal',_origin*CFrame.new(-9.017105,-0.319641,-105.377686,0.000000,0.000000,-1.000000,0.000000,1.000000,0.000000,1.000000,0.000000,0.000000)},{76,'Cylinder',_origin*CFrame.new(-6.942108,0.810486,-105.227539,0.000000,0.000000,-1.000000,0.000000,1.000000,0.000000,1.000000,0.000000,0.000000)},{77,'Normal',_origin*CFrame.new(23.782799,-0.469604,-78.327637,0.000000,0.000000,-1.000000,0.000000,1.000000,0.000000,1.000000,0.000000,0.000000)},{78,'Cylinder',_origin*CFrame.new(-13.837105,0.810486,-77.832275,0.000000,0.000000,-1.000000,0.000000,1.000000,0.000000,1.000000,0.000000,0.000000)},{79,'Normal',_origin*CFrame.new(23.782799,-0.419495,-78.327637,0.000000,0.000000,-1.000000,0.000000,1.000000,0.000000,1.000000,0.000000,0.000000)},{80,'Normal',_origin*CFrame.new(23.982399,4.630493,-82.677490,0.000000,0.000000,-1.000000,0.000000,1.000000,0.000000,1.000000,0.000000,0.000000)},{81,'Normal',_origin*CFrame.new(40.809898,-0.419495,-103.916016,0.000000,0.000000,-1.000000,0.000000,1.000000,0.000000,1.000000,0.000000,0.000000)},{82,'Normal',_origin*CFrame.new(40.809898,4.580261,-103.916016,0.000000,0.000000,-1.000000,0.000000,1.000000,0.000000,1.000000,0.000000,0.000000)},{83,'Normal',_origin*CFrame.new(-9.017105,-0.069641,-105.027588,0.000000,0.000000,-1.000000,0.000000,1.000000,0.000000,1.000000,0.000000,0.000000)},{84,'Cylinder',_origin*CFrame.new(-7.537102,0.810486,-104.932373,0.000000,0.000000,-1.000000,0.000000,1.000000,0.000000,1.000000,0.000000,0.000000)},{85,'Normal',_origin*CFrame.new(-5.467102,0.230286,-104.427490,0.000000,0.000000,-1.000000,0.000000,-1.000000,-0.000000,-1.000000,0.000000,-0.000000)},{86,'Normal',_origin*CFrame.new(-9.017105,0.280396,-105.377686,0.000000,0.000000,-1.000000,0.000000,1.000000,0.000000,1.000000,0.000000,0.000000)},{87,'Normal',_origin*CFrame.new(-14.646805,-4.169739,-100.495361,0.000000,0.000000,-1.000000,0.000000,1.000000,0.000000,1.000000,0.000000,0.000000)},{88,'Normal',_origin*CFrame.new(-14.646805,-0.619812,-100.595459,0.000000,0.000000,-1.000000,0.000000,1.000000,0.000000,1.000000,0.000000,0.000000)},{89,'Normal',_origin*CFrame.new(-11.996704,-0.519714,-101.045654,0.000000,0.000000,-1.000000,0.000000,1.000000,0.000000,1.000000,0.000000,0.000000)},{90,'Normal',_origin*CFrame.new(-14.596703,-0.519714,-101.045654,0.000000,0.000000,-1.000000,0.000000,1.000000,0.000000,1.000000,0.000000,0.000000)},{91,'Normal',_origin*CFrame.new(-17.196815,-0.519714,-101.045654,0.000000,0.000000,-1.000000,0.000000,1.000000,0.000000,1.000000,0.000000,0.000000)},{92,'Normal',_origin*CFrame.new(-13.617004,0.230286,-77.327637,0.000000,0.000000,-1.000000,0.000000,1.000000,0.000000,1.000000,0.000000,0.000000)},{93,'Normal',_origin*CFrame.new(-13.267105,-0.204712,-78.132568,0.000000,0.000000,-1.000000,0.000000,1.000000,0.000000,1.000000,0.000000,0.000000)},{94,'Normal',_origin*CFrame.new(-13.267105,-0.489685,-77.827637,0.000000,0.000000,-1.000000,0.000000,1.000000,0.000000,1.000000,0.000000,0.000000)},{95,'Normal',_origin*CFrame.new(-15.317108,-0.019714,-78.277588,0.000000,0.000000,-1.000000,0.000000,1.000000,0.000000,1.000000,0.000000,0.000000)},{96,'Normal',_origin*CFrame.new(-13.267105,5.980408,-77.327637,0.000000,0.000000,-1.000000,0.000000,1.000000,0.000000,1.000000,0.000000,0.000000)},{97,'Normal',_origin*CFrame.new(-15.317108,-0.319641,-78.277588,0.000000,0.000000,-1.000000,0.000000,1.000000,0.000000,1.000000,0.000000,0.000000)},{98,'Normal',_origin*CFrame.new(-6.967102,-0.204712,-105.232422,0.000000,0.000000,-1.000000,0.000000,1.000000,0.000000,1.000000,0.000000,0.000000)},{99,'Normal',_origin*CFrame.new(-13.767105,0.380493,-77.327637,0.000000,0.000000,-1.000000,0.000000,1.000000,0.000000,1.000000,0.000000,0.000000)},{100,'Normal',_origin*CFrame.new(-15.667206,-0.019714,-77.977783,0.000000,0.000000,-1.000000,0.000000,1.000000,0.000000,1.000000,0.000000,0.000000)},{101,'Normal',_origin*CFrame.new(29.080101,-1.269531,-77.949951,0.622558,0.000000,-0.782573,0.000000,1.000000,0.000000,0.782573,0.000000,0.622558)},{102,'Wedge',_origin*CFrame.new(43.332695,-6.469727,68.272217,0.000000,-1.000000,0.000000,1.000000,0.000000,0.000000,0.000000,0.000000,1.000000)},{103,'Wedge',_origin*CFrame.new(152.332703,-6.469727,-99.427490,0.000000,1.000000,0.000000,1.000000,0.000000,0.000000,0.000000,0.000000,-1.000000)},{104,'Normal',_origin*CFrame.new(23.785088,-3.969604,-60.832275,0.782573,0.000000,0.622558,0.000000,1.000000,0.000000,-0.622558,0.000000,0.782573)},{105,'Cylinder',_origin*CFrame.new(48.133400,-6.019531,-59.417969,0.000000,1.000000,0.000000,-1.000000,0.000000,0.000000,0.000000,0.000000,1.000000)},{106,'Normal',_origin*CFrame.new(42.432899,-6.469604,-0.477539,1.000000,0.000000,0.000000,0.000000,1.000000,0.000000,0.000000,0.000000,1.000000)},{107,'Normal',_origin*CFrame.new(27.888100,-6.469727,73.672119,0.499936,0.000000,-0.866062,0.000000,1.000000,0.000000,0.866062,0.000000,0.499936)},{108,'Normal',_origin*CFrame.new(106.036095,-5.469604,94.584717,-1.000000,0.000000,0.000000,0.000000,1.000000,0.000000,0.000000,0.000000,-1.000000)},{109,'Wedge',_origin*CFrame.new(35.932594,-6.469727,-86.527588,0.000000,-1.000000,-0.000000,-1.000000,0.000000,-0.000000,0.000000,0.000000,-1.000000)},{110,'Wedge',_origin*CFrame.new(-21.552895,-6.469727,109.857910,0.000000,1.000000,0.000000,1.000000,0.000000,0.000000,0.000000,0.000000,-1.000000)},{111,'Normal',_origin*CFrame.new(-21.268608,-6.019531,-96.645752,0.891042,0.000000,0.453921,0.000000,1.000000,0.000000,-0.453921,0.000000,0.891042)},{112,'Normal',_origin*CFrame.new(157.536102,-6.019531,141.534668,-1.000000,0.000000,0.000000,0.000000,1.000000,0.000000,0.000000,0.000000,-1.000000)},{113,'Normal',_origin*CFrame.new(-34.717308,-6.569641,129.822510,1.000000,0.000000,0.000000,0.000000,1.000000,0.000000,0.000000,0.000000,1.000000)},{114,'Cylinder',_origin*CFrame.new(47.185997,-5.469604,53.384766,0.000000,0.000000,1.000000,-1.000000,0.000000,0.000000,0.000000,-1.000000,0.000000)},{115,'Wedge',_origin*CFrame.new(48.332695,-6.469727,86.972412,0.000000,1.000000,0.000000,-1.000000,0.000000,0.000000,0.000000,0.000000,1.000000)},{116,'Wedge',_origin*CFrame.new(-53.966499,-6.569519,-95.467773,0.000000,-1.000000,0.000000,1.000000,0.000000,0.000000,0.000000,0.000000,1.000000)},{117,'Normal',_origin*CFrame.new(-25.502907,-6.469727,108.807861,0.000000,0.000000,1.000000,0.000000,1.000000,0.000000,-1.000000,0.000000,0.000000)},{118,'Normal',_origin*CFrame.new(152.182709,-6.469727,-116.577637,0.000000,0.000000,-1.000000,0.000000,1.000000,0.000000,1.000000,0.000000,0.000000)},{119,'Normal',_origin*CFrame.new(22.727699,0.230469,-73.727783,0.622558,0.000000,-0.782573,0.000000,1.000000,0.000000,0.782573,0.000000,0.622558)},{120,'Normal',_origin*CFrame.new(42.432899,-6.469604,11.922363,1.000000,0.000000,0.000000,0.000000,1.000000,0.000000,0.000000,0.000000,1.000000)},{121,'Wedge',_origin*CFrame.new(-48.936104,-6.069641,-109.737061,0.707157,0.000000,0.707057,0.000000,1.000000,0.000000,-0.707057,0.000000,0.707157)},{122,'Wedge',_origin*CFrame.new(82.287697,-6.069641,-125.425781,0.996199,0.000000,-0.087109,0.000000,1.000000,0.000000,0.087109,0.000000,0.996199)},{123,'Normal',_origin*CFrame.new(134.786102,-6.019531,-78.015381,-1.000000,0.000000,0.000000,0.000000,1.000000,0.000000,0.000000,0.000000,-1.000000)},{124,'Normal',_origin*CFrame.new(-66.516502,-6.569519,-105.917969,1.000000,0.000000,0.000000,0.000000,1.000000,0.000000,0.000000,0.000000,1.000000)},{125,'Normal',_origin*CFrame.new(29.532799,-6.069641,-123.227539,1.000000,0.000000,0.000000,0.000000,1.000000,0.000000,0.000000,0.000000,1.000000)},{126,'Normal',_origin*CFrame.new(117.693993,-5.469604,-85.483887,-0.866019,0.000000,0.500011,0.000000,1.000000,0.000000,-0.500011,0.000000,-0.866019)},{127,'Normal',_origin*CFrame.new(27.888100,-6.469727,88.972168,0.499936,0.000000,-0.866062,0.000000,1.000000,0.000000,0.866062,0.000000,0.499936)},{128,'Normal',_origin*CFrame.new(16.886192,12.630310,105.684814,0.000000,0.000000,-1.000000,0.000000,1.000000,0.000000,1.000000,0.000000,0.000000)},{129,'Normal',_origin*CFrame.new(16.900398,14.666199,108.694824,0.000000,0.000000,-1.000000,-0.615677,-0.787999,0.000000,-0.787999,0.615677,0.000000)},{130,'Normal',_origin*CFrame.new(16.900398,9.575317,105.705811,0.000100,0.000000,-1.000000,0.974400,0.224823,0.000097,0.224823,-0.974400,0.000022)},{131,'Cylinder',_origin*CFrame.new(17.586098,12.680298,106.284668,-1.000000,0.000000,0.000000,0.000000,1.000000,0.000000,0.000000,0.000000,-1.000000)},{132,'Normal',_origin*CFrame.new(16.900398,10.977417,108.898193,0.000000,0.000000,-1.000000,0.544714,-0.838622,0.000000,-0.838622,-0.544714,0.000000)},{133,'Normal',_origin*CFrame.new(16.886192,11.730103,106.334961,0.000000,0.000000,-1.000000,0.000000,1.000000,0.000000,1.000000,0.000000,0.000000)},{134,'Normal',_origin*CFrame.new(16.900398,15.444702,104.858398,0.000000,0.000000,-1.000000,-0.891082,0.453842,0.000000,0.453842,0.891082,0.000000)},{135,'Normal',_origin*CFrame.new(16.886192,1.680176,106.334961,0.000000,0.000000,-1.000000,0.000000,1.000000,0.000000,1.000000,0.000000,0.000000)},{136,'Normal',_origin*CFrame.new(16.900398,9.841187,104.904053,0.000000,0.000000,-1.000000,0.898823,0.438311,0.000000,0.438311,-0.898823,0.000000)},{137,'Normal',_origin*CFrame.new(16.900398,13.457764,103.324951,0.000000,0.000000,-1.000000,-0.242018,0.970272,0.000000,0.970272,0.242018,0.000000)},{138,'Normal',_origin*CFrame.new(16.900398,13.171875,109.331787,0.000000,0.000000,-1.000000,-0.138915,-0.990304,0.000000,-0.990304,0.138915,0.000000)},{139,'Normal',_origin*CFrame.new(16.886192,12.630310,105.084961,0.000000,0.000000,-1.000000,0.000000,1.000000,0.000000,1.000000,0.000000,0.000000)},{140,'Normal',_origin*CFrame.new(16.886192,12.630310,108.884521,0.000000,0.000000,1.000000,0.000000,1.000000,0.000000,-1.000000,0.000000,0.000000)},{141,'Normal',_origin*CFrame.new(17.635994,5.930054,106.334961,1.000000,0.000000,0.000000,0.000000,1.000000,0.000000,0.000000,0.000000,1.000000)},{142,'Normal',_origin*CFrame.new(16.436089,4.529968,106.334961,-1.000000,0.000000,0.000000,0.000000,1.000000,0.000000,0.000000,0.000000,-1.000000)},{143,'Normal',_origin*CFrame.new(16.135994,5.930054,106.334961,-1.000000,0.000000,0.000000,0.000000,1.000000,0.000000,0.000000,0.000000,-1.000000)},{144,'Normal',_origin*CFrame.new(16.900398,9.566895,106.783691,0.000000,0.000000,-1.000000,0.984816,-0.173603,0.000000,-0.173603,-0.984816,0.000000)},{145,'Normal',_origin*CFrame.new(15.785988,6.180054,106.335449,-1.000000,0.000000,0.000000,0.000000,1.000000,0.000000,0.000000,0.000000,-1.000000)},{146,'Normal',_origin*CFrame.new(16.900398,10.631714,103.894531,0.000000,0.000000,-1.000000,0.615677,0.787999,0.000000,0.787999,-0.615677,0.000000)},{147,'Normal',_origin*CFrame.new(15.785988,5.279968,106.335449,-1.000000,0.000000,0.000000,0.000000,1.000000,0.000000,0.000000,0.000000,-1.000000)},{148,'Normal',_origin*CFrame.new(16.886192,12.630310,106.984863,0.000000,0.000000,1.000000,0.000000,1.000000,0.000000,-1.000000,0.000000,0.000000)},{149,'Normal',_origin*CFrame.new(16.900398,12.524902,109.395752,0.000000,0.000000,-1.000000,0.052302,-0.998631,0.000000,-0.998631,-0.052302,0.000000)},{150,'Normal',_origin*CFrame.new(16.900398,14.320190,103.691162,0.000000,0.000000,-1.000000,-0.544714,0.838622,0.000000,0.838622,0.544714,0.000000)},{151,'Normal',_origin*CFrame.new(16.900398,15.122375,108.239502,0.000000,0.000000,-1.000000,-0.798630,-0.601823,0.000000,-0.601823,0.798630,0.000000)},{152,'Normal',_origin*CFrame.new(16.900398,12.125671,103.257324,0.000000,0.000000,-1.000000,0.138915,0.990304,0.000000,0.990304,-0.138915,0.000000)},{153,'Normal',_origin*CFrame.new(15.785988,7.079956,106.335449,-1.000000,0.000000,0.000000,0.000000,1.000000,0.000000,0.000000,0.000000,-1.000000)},{154,'Normal',_origin*CFrame.new(16.900398,12.721680,103.208740,0.000000,0.000000,-1.000000,-0.035003,0.999387,0.000000,0.999387,0.035003,0.000000)},{155,'Normal',_origin*CFrame.new(16.900398,13.979187,109.093262,0.000000,-0.000001,-1.000000,-0.406723,-0.913552,0.000001,-0.913552,0.406723,-0.000000)},{156,'Normal',_origin*CFrame.new(16.900398,11.839783,109.264160,0.000000,0.000000,-1.000000,0.242018,-0.970272,0.000000,-0.970272,-0.242018,0.000000)},{157,'Normal',_origin*CFrame.new(17.336098,7.430054,106.334961,1.000000,0.000000,0.000000,0.000000,1.000000,0.000000,0.000000,0.000000,1.000000)},{158,'Normal',_origin*CFrame.new(16.436089,7.430054,106.334961,-1.000000,0.000000,0.000000,0.000000,1.000000,0.000000,0.000000,0.000000,-1.000000)},{159,'Normal',_origin*CFrame.new(16.886192,8.680176,106.334961,0.000000,0.000000,-1.000000,0.000000,1.000000,0.000000,1.000000,0.000000,0.000000)},{160,'Normal',_origin*CFrame.new(16.900398,15.730591,105.805664,0.000000,0.000000,-1.000000,-0.984816,0.173603,0.000000,0.173603,0.984816,0.000000)},{161,'Normal',_origin*CFrame.new(17.336098,4.529968,106.334961,1.000000,0.000000,0.000000,0.000000,1.000000,0.000000,0.000000,0.000000,1.000000)},{162,'Normal',_origin*CFrame.new(16.900398,9.852783,107.730957,0.000000,0.000000,-1.000000,0.891082,-0.453842,0.000000,-0.453842,-0.891082,0.000000)},{163,'Normal',_origin*CFrame.new(16.900398,15.722168,106.883789,0.000100,0.000000,-1.000000,-0.974400,-0.224823,-0.000097,-0.224823,0.974400,-0.000022)},{164,'Normal',_origin*CFrame.new(17.986000,7.079956,106.334961,1.000000,0.000000,0.000000,0.000000,1.000000,0.000000,0.000000,0.000000,1.000000)},{165,'Normal',_origin*CFrame.new(17.986000,6.180054,106.334961,1.000000,0.000000,0.000000,0.000000,1.000000,0.000000,0.000000,0.000000,1.000000)},{166,'Normal',_origin*CFrame.new(16.900398,15.456360,107.685547,0.000000,0.000000,-1.000000,-0.898823,-0.438311,0.000000,-0.438311,0.898823,0.000000)},{167,'Normal',_origin*CFrame.new(17.024300,12.398010,106.247803,0.000000,0.000000,1.000000,0.000000,1.000000,0.000000,-1.000000,0.000000,0.000000)},{168,'Normal',_origin*CFrame.new(16.900398,10.175110,104.349609,0.000000,0.000000,-1.000000,0.798630,0.601823,0.000000,0.601823,-0.798630,0.000000)},{169,'Normal',_origin*CFrame.new(16.886192,12.630310,103.784912,0.000000,0.000000,-1.000000,0.000000,1.000000,0.000000,1.000000,0.000000,0.000000)},{170,'Normal',_origin*CFrame.new(16.886192,12.630310,104.484863,0.000000,0.000000,-1.000000,0.000000,1.000000,0.000000,1.000000,0.000000,0.000000)},{171,'Cylinder',_origin*CFrame.new(16.186089,12.680298,106.284668,-1.000000,0.000000,0.000000,0.000000,1.000000,0.000000,0.000000,0.000000,-1.000000)},{172,'Normal',_origin*CFrame.new(16.900398,11.318665,103.496338,0.000000,-0.000001,-1.000000,0.406723,0.913552,-0.000001,0.913552,-0.406723,0.000000)},{173,'Normal',_origin*CFrame.new(16.824394,12.398010,106.247803,0.000000,0.000000,-1.000000,0.000000,1.000000,0.000000,1.000000,0.000000,0.000000)},{174,'Normal',_origin*CFrame.new(16.900398,14.980469,104.219238,0.000000,0.000000,-1.000000,-0.707157,0.707057,0.000000,0.707057,0.707157,0.000000)},{175,'Normal',_origin*CFrame.new(16.900398,10.317261,108.370361,0.000000,0.000000,-1.000000,0.707157,-0.707057,0.000000,-0.707057,-0.707157,0.000000)},{176,'Normal',_origin*CFrame.new(16.886192,12.630310,108.184814,0.000000,0.000000,1.000000,0.000000,1.000000,0.000000,-1.000000,0.000000,0.000000)},{177,'Normal',_origin*CFrame.new(15.836098,5.930054,106.335449,-1.000000,0.000000,0.000000,0.000000,1.000000,0.000000,0.000000,0.000000,-1.000000)},{178,'Normal',_origin*CFrame.new(17.986000,5.279968,106.334961,1.000000,0.000000,0.000000,0.000000,1.000000,0.000000,0.000000,0.000000,1.000000)},{179,'Normal',_origin*CFrame.new(16.886192,-5.369690,106.334961,0.000000,0.000000,-1.000000,0.000000,1.000000,0.000000,1.000000,0.000000,0.000000)},{180,'Normal',_origin*CFrame.new(17.935890,5.930054,106.334961,1.000000,0.000000,0.000000,0.000000,1.000000,0.000000,0.000000,0.000000,1.000000)},{181,'Normal',_origin*CFrame.new(16.886192,12.630310,107.584717,0.000000,0.000000,1.000000,0.000000,1.000000,0.000000,-1.000000,0.000000,0.000000)},{182,'Wedge',_origin*CFrame.new(-65.775002,-6.069641,71.463379,-0.258808,0.000000,0.965929,0.000000,1.000000,0.000000,-0.965929,0.000000,-0.258808)},{183,'Normal',_origin*CFrame.new(-27.277199,-6.469727,109.232178,-0.707057,0.000000,0.707157,0.000000,1.000000,0.000000,-0.707157,0.000000,-0.707057)},{184,'Normal',_origin*CFrame.new(-40.467308,-6.569641,-17.277588,1.000000,0.000000,0.000000,0.000000,1.000000,0.000000,0.000000,0.000000,1.000000)},{185,'Normal',_origin*CFrame.new(48.182701,-6.469727,69.322266,0.000000,0.000000,-1.000000,0.000000,1.000000,0.000000,1.000000,0.000000,0.000000)},{186,'Normal',_origin*CFrame.new(-25.817299,-5.469604,-64.027344,1.000000,0.000000,0.000000,0.000000,1.000000,0.000000,0.000000,0.000000,1.000000)},{187,'Normal',_origin*CFrame.new(74.386101,-6.019531,110.884521,-1.000000,0.000000,0.000000,0.000000,1.000000,0.000000,0.000000,0.000000,-1.000000)},{188,'Wedge',_origin*CFrame.new(-25.066505,-6.019531,-74.477783,0.000000,-1.000000,0.000000,1.000000,0.000000,0.000000,0.000000,0.000000,1.000000)},{189,'Normal',_origin*CFrame.new(-71.817513,-6.069519,3.605957,0.000000,0.000000,1.000000,0.000000,1.000000,0.000000,-1.000000,0.000000,0.000000)},{190,'Wedge',_origin*CFrame.new(-57.445595,-6.069641,-98.599854,0.500054,0.000000,0.865994,0.000000,1.000000,0.000000,-0.865994,0.000000,0.500054)},{191,'Normal',_origin*CFrame.new(36.111702,0.230469,-56.901367,0.622558,0.000000,-0.782573,0.000000,1.000000,0.000000,0.782573,0.000000,0.622558)},{192,'Wedge',_origin*CFrame.new(-32.566505,-5.469604,-69.027832,0.000000,-1.000000,0.000000,1.000000,0.000000,0.000000,0.000000,0.000000,1.000000)},{193,'Normal',_origin*CFrame.new(82.361290,-6.069641,-121.112549,0.996199,0.000000,-0.087109,0.000000,1.000000,0.000000,0.087109,0.000000,0.996199)},{194,'Normal',_origin*CFrame.new(133.532501,-5.469604,-82.815674,-0.965929,0.000000,0.258808,0.000000,1.000000,0.000000,-0.258808,0.000000,-0.965929)},{195,'Normal',_origin*CFrame.new(-32.617195,-5.469604,-62.527344,1.000000,0.000000,0.000000,0.000000,1.000000,0.000000,0.000000,0.000000,1.000000)},{196,'Normal',_origin*CFrame.new(113.712502,-5.419739,127.259277,0.258714,0.000000,0.965954,0.000000,1.000000,0.000000,-0.965954,0.000000,0.258714)},{197,'Wedge',_origin*CFrame.new(-37.735405,-6.069641,-118.073486,0.866062,0.000000,0.499936,0.000000,1.000000,0.000000,-0.499936,0.000000,0.866062)},{198,'Wedge',_origin*CFrame.new(119.398491,-6.069641,-125.093750,1.000000,0.000000,0.000000,0.000000,1.000000,0.000000,0.000000,0.000000,1.000000)},{199,'Normal',_origin*CFrame.new(27.888100,-6.469727,78.372070,0.499936,0.000000,-0.866062,0.000000,1.000000,0.000000,0.866062,0.000000,0.499936)},{200,'Normal',_origin*CFrame.new(102.632896,-6.469604,-60.977539,1.000000,0.000000,0.000000,0.000000,1.000000,0.000000,0.000000,0.000000,1.000000)},{201,'Normal',_origin*CFrame.new(36.111702,1.930359,-56.901367,0.622558,0.000000,-0.782573,0.000000,1.000000,0.000000,0.782573,0.000000,0.622558)},{202,'Wedge',_origin*CFrame.new(48.332695,-6.469727,89.072266,0.000000,1.000000,0.000000,1.000000,0.000000,0.000000,0.000000,0.000000,-1.000000)},{203,'Cylinder',_origin*CFrame.new(101.732796,-6.019714,-83.127686,0.000000,0.000000,-1.000000,-1.000000,0.000000,0.000000,0.000000,1.000000,0.000000)},{204,'Normal',_origin*CFrame.new(73.703789,-6.069641,-122.324707,0.984816,0.000000,-0.173603,0.000000,1.000000,0.000000,0.173603,0.000000,0.984816)},{205,'Cylinder',_origin*CFrame.new(40.333397,-6.019531,-100.817871,0.000000,1.000000,0.000000,-1.000000,0.000000,0.000000,0.000000,0.000000,1.000000)},{206,'Normal',_origin*CFrame.new(-66.700905,-6.069519,56.548340,-0.500054,0.000000,0.865994,0.000000,1.000000,0.000000,-0.865994,0.000000,-0.500054)},{207,'Normal',_origin*CFrame.new(-69.916512,-6.569519,-91.317871,1.000000,0.000000,0.000000,0.000000,1.000000,0.000000,0.000000,0.000000,1.000000)},{208,'Wedge',_origin*CFrame.new(-65.017311,-6.469727,38.322510,0.000000,0.000000,1.000000,1.000000,0.000000,0.000000,0.000000,1.000000,0.000000)},{209,'Wedge',_origin*CFrame.new(147.332703,-6.469727,-115.527588,0.000000,-1.000000,-0.000000,-1.000000,0.000000,-0.000000,0.000000,0.000000,-1.000000)},{210,'Normal',_origin*CFrame.new(108.836098,-6.019531,-83.115234,-1.000000,0.000000,0.000000,0.000000,1.000000,0.000000,0.000000,0.000000,-1.000000)},{211,'Normal',_origin*CFrame.new(-28.749001,-5.469604,-92.666748,0.933593,0.000000,0.358336,0.000000,1.000000,0.000000,-0.358336,0.000000,0.933593)},{212,'Cylinder',_origin*CFrame.new(47.185997,-6.019714,53.384766,0.000000,0.000000,1.000000,-1.000000,0.000000,0.000000,0.000000,-1.000000,0.000000)},{213,'Wedge',_origin*CFrame.new(-61.616508,-6.069519,132.606934,0.000000,0.000000,-1.000000,-1.000000,0.000000,0.000000,0.000000,1.000000,0.000000)},{214,'Normal',_origin*CFrame.new(-53.628105,-6.069519,-96.666016,0.500054,0.000000,0.865994,0.000000,1.000000,0.000000,-0.865994,0.000000,0.500054)},{215,'Wedge',_origin*CFrame.new(-25.817406,-6.469727,73.022217,0.000000,0.000000,-1.000000,-1.000000,0.000000,0.000000,0.000000,1.000000,0.000000)},{216,'Normal',_origin*CFrame.new(51.682899,-6.469604,5.722412,1.000000,0.000000,0.000000,0.000000,1.000000,0.000000,0.000000,0.000000,1.000000)},{217,'Normal',_origin*CFrame.new(-3.567505,3.079895,-19.927490,1.000000,0.000000,0.000000,0.000000,1.000000,0.000000,0.000000,0.000000,1.000000)},{218,'Normal',_origin*CFrame.new(14.232796,-5.469604,49.122314,1.000000,0.000000,0.000000,0.000000,1.000000,0.000000,0.000000,0.000000,1.000000)},{219,'Normal',_origin*CFrame.new(-8.767105,2.980164,45.021973,1.000000,0.000000,0.000000,0.000000,1.000000,0.000000,0.000000,0.000000,1.000000)},{220,'Normal',_origin*CFrame.new(-28.467110,7.830078,-3.327637,1.000000,0.000000,0.000000,0.000000,1.000000,0.000000,0.000000,0.000000,1.000000)},{221,'Normal',_origin*CFrame.new(24.482796,-1.119629,-3.977783,0.000000,0.000000,-1.000000,0.000000,1.000000,0.000000,1.000000,0.000000,0.000000)},{222,'Normal',_origin*CFrame.new(14.882896,-5.019531,1.961914,1.000000,0.000000,0.000000,0.000000,1.000000,0.000000,0.000000,0.000000,1.000000)},{223,'Normal',_origin*CFrame.new(-34.017097,-4.969604,-42.427979,1.000000,0.000000,0.000000,0.000000,1.000000,0.000000,0.000000,0.000000,1.000000)},{224,'Normal',_origin*CFrame.new(-14.267105,14.130005,45.472412,-1.000000,0.000000,0.000000,0.000000,1.000000,0.000000,0.000000,0.000000,-1.000000)},{225,'Normal',_origin*CFrame.new(-15.666603,-5.469604,38.172363,1.000000,0.000000,0.000000,0.000000,1.000000,0.000000,0.000000,0.000000,1.000000)},{226,'Normal',_origin*CFrame.new(6.032295,-0.969788,-21.877930,-0.999995,0.000000,0.003100,0.000000,1.000000,0.000000,-0.003100,0.000000,-0.999995)},{227,'Normal',_origin*CFrame.new(6.029198,-3.069885,-20.828613,-0.999995,0.000000,0.003100,0.000000,1.000000,0.000000,-0.003100,0.000000,-0.999995)},{228,'Seat',_origin*CFrame.new(7.182701,-3.220032,-21.874268,0.000000,0.000000,-1.000000,0.000000,1.000000,0.000000,1.000000,0.000000,0.000000)},{229,'Normal',_origin*CFrame.new(6.036095,-3.069885,-22.928467,-0.999995,0.000000,0.003100,0.000000,1.000000,0.000000,-0.003100,0.000000,-0.999995)},{230,'Normal',_origin*CFrame.new(8.237297,-4.370239,-22.971191,-0.999995,0.000000,0.003100,0.000000,1.000000,0.000000,-0.003100,0.000000,-0.999995)},{231,'Normal',_origin*CFrame.new(8.229195,-4.370239,-20.771240,-0.999995,0.000000,0.003100,0.000000,1.000000,0.000000,-0.003100,0.000000,-0.999995)},{232,'Normal',_origin*CFrame.new(6.032600,-1.819885,-21.878662,-0.999995,0.000000,0.003100,0.000000,1.000000,0.000000,-0.003100,0.000000,-0.999995)},{233,'Normal',_origin*CFrame.new(6.032600,-2.619812,-21.878662,-0.999995,0.000000,0.003100,0.000000,1.000000,0.000000,-0.003100,0.000000,-0.999995)},{234,'Normal',_origin*CFrame.new(-34.616905,0.030396,-37.227783,0.000000,0.000000,-1.000000,0.000000,1.000000,0.000000,1.000000,0.000000,0.000000)},{235,'Normal',_origin*CFrame.new(-2.540802,-2.145020,-36.327637,0.000000,0.500054,-0.865994,0.000000,0.865994,0.500054,1.000000,0.000000,0.000000)},{236,'Wedge',_origin*CFrame.new(-29.666603,-5.469604,56.532227,0.000000,-1.000000,-0.000000,-1.000000,0.000000,-0.000000,0.000000,0.000000,-1.000000)},{237,'Normal',_origin*CFrame.new(13.232796,4.365479,4.651855,1.000000,0.000000,0.000000,0.000000,1.000000,0.000000,0.000000,0.000000,1.000000)},{238,'Normal',_origin*CFrame.new(-27.116905,-4.869812,16.421875,0.000000,0.000000,-1.000000,0.000000,1.000000,0.000000,1.000000,0.000000,0.000000)},{239,'Normal',_origin*CFrame.new(-31.066704,2.980164,18.921875,0.000000,0.000000,-1.000000,0.000000,1.000000,0.000000,1.000000,0.000000,0.000000)},{240,'Normal',_origin*CFrame.new(-31.066704,1.180298,18.921875,0.000000,0.000000,-1.000000,0.000000,1.000000,0.000000,1.000000,0.000000,0.000000)},{241,'Normal',_origin*CFrame.new(-31.066704,2.080261,18.921875,0.000000,0.000000,-1.000000,0.000000,1.000000,0.000000,1.000000,0.000000,0.000000)},{242,'Normal',_origin*CFrame.new(-31.066704,3.880188,18.921875,0.000000,0.000000,-1.000000,0.000000,1.000000,0.000000,1.000000,0.000000,0.000000)},{243,'Normal',_origin*CFrame.new(-26.366905,2.080261,18.921875,0.000000,0.000000,-1.000000,0.000000,1.000000,0.000000,1.000000,0.000000,0.000000)},{244,'Normal',_origin*CFrame.new(-30.916603,2.480164,19.322021,0.000000,0.000000,-1.000000,0.000000,1.000000,0.000000,1.000000,0.000000,0.000000)},{245,'Normal',_origin*CFrame.new(-30.316597,-4.869812,16.421875,0.000000,0.000000,-1.000000,0.000000,1.000000,0.000000,1.000000,0.000000,0.000000)},{246,'Normal',_origin*CFrame.new(-28.716713,-1.919739,18.372070,0.000000,0.000000,-1.000000,0.000000,1.000000,0.000000,1.000000,0.000000,0.000000)},{247,'Normal',_origin*CFrame.new(-28.716713,-3.019836,16.122070,0.000000,0.000000,-1.000000,0.000000,1.000000,0.000000,1.000000,0.000000,0.000000)},{248,'Normal',_origin*CFrame.new(-28.716713,-2.669739,16.021729,0.000000,0.000000,-1.000000,0.000000,1.000000,0.000000,1.000000,0.000000,0.000000)},{249,'Normal',_origin*CFrame.new(-26.916603,-2.669739,16.572021,0.000000,0.000000,-1.000000,0.000000,1.000000,0.000000,1.000000,0.000000,0.000000)},{250,'Normal',_origin*CFrame.new(-30.517006,-2.669739,16.572021,0.000000,0.000000,-1.000000,0.000000,1.000000,0.000000,1.000000,0.000000,0.000000)},{251,'Normal',_origin*CFrame.new(-28.616905,-2.669739,16.572021,0.000000,0.000000,-1.000000,0.000000,1.000000,0.000000,1.000000,0.000000,0.000000)},{252,'Normal',_origin*CFrame.new(-29.716713,-2.669739,16.572021,0.000000,0.000000,-1.000000,0.000000,1.000000,0.000000,1.000000,0.000000,0.000000)},{253,'Normal',_origin*CFrame.new(-27.716713,-2.669739,16.572021,0.000000,0.000000,-1.000000,0.000000,1.000000,0.000000,1.000000,0.000000,0.000000)},{254,'Normal',_origin*CFrame.new(-28.716713,-3.819702,17.921875,0.000000,0.000000,-1.000000,0.000000,1.000000,0.000000,1.000000,0.000000,0.000000)},{255,'Normal',_origin*CFrame.new(-28.716713,-0.919739,17.721924,0.000000,0.000000,-1.000000,0.000000,1.000000,0.000000,1.000000,0.000000,0.000000)},{256,'Normal',_origin*CFrame.new(-27.017097,0.530212,19.171875,0.000000,0.000000,-1.000000,0.000000,1.000000,0.000000,1.000000,0.000000,0.000000)},{257,'Normal',_origin*CFrame.new(-30.416695,0.530212,19.171875,0.000000,0.000000,-1.000000,0.000000,1.000000,0.000000,1.000000,0.000000,0.000000)},{258,'Normal',_origin*CFrame.new(-28.767097,0.530212,19.622070,0.000000,0.000000,-1.000000,0.000000,1.000000,0.000000,1.000000,0.000000,0.000000)},{259,'Normal',_origin*CFrame.new(-28.716713,3.380188,19.171875,0.000000,0.000000,-1.000000,0.000000,1.000000,0.000000,1.000000,0.000000,0.000000)},{260,'Normal',_origin*CFrame.new(-28.716713,-0.720032,19.021729,0.000000,0.000000,-1.000000,0.000000,1.000000,0.000000,1.000000,0.000000,0.000000)},{261,'Normal',_origin*CFrame.new(-28.716713,1.230164,19.322021,0.000000,0.000000,-1.000000,0.000000,1.000000,0.000000,1.000000,0.000000,0.000000)},{262,'Normal',_origin*CFrame.new(-28.716713,1.230164,18.971924,0.000000,0.000000,-1.000000,0.000000,1.000000,0.000000,1.000000,0.000000,0.000000)},{263,'Normal',_origin*CFrame.new(-28.4