local p=game.Players.LocalPlayer
local r=game:GetService("ReplicatedStorage")
local t
for _,v in pairs(p:GetDescendants()) do
	if v.Name=="SyncAPI" then
		t=v.Parent
		break
	end
end
if not t then
	for _,v in pairs(r:GetDescendants()) do
		if v.Name=="SyncAPI" then
			t=v.Parent
			break
		end
	end
end
if not t then return end
local e=t.SyncAPI.ServerEndpoint
local function c(a) return e:InvokeServer(unpack(a)) end
local function f(a) task.spawn(function() pcall(function() e:InvokeServer(unpack(a)) end) end) end
local pz={}
local d=0
local n=1437
task.spawn(function()
	local z={}
	for _,v in ipairs(workspace:GetDescendants()) do
		if v:IsA("BasePart") then
			z[#z+1]=v
		end
	end
	if #z>0 then
		pcall(function()
			c({"Remove",z})
		end)
	end
end)

task.spawn(function()
	local o=c({'CreatePart','Normal',CFrame.new(-40.16790008544922,-110.98629760742188,-162.99850463867188,0.9980331063270569,0.006131682079285383,-0.06238985434174538,-0.005315553396940231,0.9998983144760132,0.013238697312772274,0.06246468424797058,-0.01288102101534605,0.997964084148407),workspace})
	if not o then d=d+1 return end
	pz[1]=o
	f({'SyncResize',{{Part=o,CFrame=CFrame.new(-40.16790008544922,-110.98629760742188,-162.99850463867188,0.9980331063270569,0.006131682079285383,-0.06238985434174538,-0.005315553396940231,0.9998983144760132,0.013238697312772274,0.06246468424797058,-0.01288102101534605,0.997964084148407),Size=Vector3.new(16.000000,11.000000,1.000000)}}})
	f({'SyncColor',{{Part=o,Color=Color3.new(0.972549,0.972549,0.972549),UnionColoring=false}}})
	f({'SyncMaterial',{{Part=o,Material=Enum.Material.WoodPlanks,Transparency=0.000000,Reflectance=0.000000}}})
	f({'SyncCollision',{{Part=o,CanCollide=true}}})
	f({'SyncAnchor',{{Part=o,Anchored=false}}})
	f({'SetName',{o},'Part'})
	f({'SetLocked',{o},false})
	d=d+1
end)
task.spawn(function()
	local o=c({'CreatePart','Wedge',CFrame.new(-307.2074890136719,-136.15707397460938,-48.29241180419922,-0.03285820409655571,0.1372956931591034,-0.9899849891662598,0.9991225004196167,0.030252201482653618,-0.028965968638658524,0.02597231976687908,-0.9900681376457214,-0.13816924393177032),workspace})
	if not o then d=d+1 return end
	pz[2]=o
	f({'SyncResize',{{Part=o,CFrame=CFrame.new(-307.2074890136719,-136.15707397460938,-48.29241180419922,-0.03285820409655571,0.1372956931591034,-0.9899849891662598,0.9991225004196167,0.030252201482653618,-0.028965968638658524,0.02597231976687908,-0.9900681376457214,-0.13816924393177032),Size=Vector3.new(1.054000,89.121742,63.558571)}}})
	f({'SyncColor',{{Part=o,Color=Color3.new(0.227451,0.490196,0.082353),UnionColoring=false}}})
	f({'SyncMaterial',{{Part=o,Material=Enum.Material.Plastic,Transparency=0.000000,Reflectance=0.000000}}})
	f({'SyncCollision',{{Part=o,CanCollide=true}}})
	f({'SyncAnchor',{{Part=o,Anchored=true}}})
	f({'SetName',{o},'Wedge'})
	f({'SetLocked',{o},false})
	f({'CreateMeshes',{{Part=o}}})
	f({'SyncMesh',{{Part=o,MeshId=nil,TextureId=nil,MeshType=Enum.MeshType.Wedge,Scale=Vector3.new(0.000000,1.000000,1.000000),Offset=Vector3.new(0.000000,0.000000,0.000000)}}})
	f({'CreateTextures',{{Part=o,Face=Enum.NormalId.Right,TextureType='Decal'}}})
	f({'SyncTexture',{{Part=o,Face=Enum.NormalId.Right,TextureType='Decal',Texture='http://www.roblox.com/asset/?id=151712329',Transparency=0.000000}}})
	d=d+1
end)
task.spawn(function()
	local o=c({'CreatePart','Wedge',CFrame.new(-353.050537109375,-132.65475463867188,-184.5421905517578,0.07395949214696884,-0.4500025808811188,-0.8899593353271484,0.9971036314964294,0.049235422164201736,0.05796805024147034,0.01773175410926342,-0.891668975353241,0.45234060287475586),workspace})
	if not o then d=d+1 return end
	pz[3]=o
	f({'SyncResize',{{Part=o,CFrame=CFrame.new(-353.050537109375,-132.65475463867188,-184.5421905517578,0.07395949214696884,-0.4500025808811188,-0.8899593353271484,0.9971036314964294,0.049235422164201736,0.05796805024147034,0.01773175410926342,-0.891668975353241,0.45234060287475586),Size=Vector3.new(1.054000,75.814400,42.537941)}}})
	f({'SyncColor',{{Part=o,Color=Color3.new(0.227451,0.490196,0.082353),UnionColoring=false}}})
	f({'SyncMaterial',{{Part=o,Material=Enum.Material.Plastic,Transparency=0.000000,Reflectance=0.000000}}})
	f({'SyncCollision',{{Part=o,CanCollide=true}}})
	f({'SyncAnchor',{{Part=o,Anchored=true}}})
	f({'SetName',{o},'Wedge'})
	f({'SetLocked',{o},false})
	f({'CreateMeshes',{{Part=o}}})
	f({'SyncMesh',{{Part=o,MeshId=nil,TextureId=nil,MeshType=Enum.MeshType.Wedge,Scale=Vector3.new(0.000000,1.000000,1.000000),Offset=Vector3.new(0.000000,0.000000,0.000000)}}})
	f({'CreateTextures',{{Part=o,Face=Enum.NormalId.Right,TextureType='Decal'}}})
	f({'SyncTexture',{{Part=o,Face=Enum.NormalId.Right,TextureType='Decal',Texture='http://www.roblox.com/asset/?id=151712329',Transparency=0.000000}}})
	d=d+1
end)
task.spawn(function()
	local o=c({'CreatePart','Wedge',CFrame.new(-459.60504150390625,-121.65457153320312,-24.559633255004883,0.9797757267951965,0.051535915583372116,0.1933484971523285,0.18871136009693146,-0.5593013763427734,-0.8071989417076111,0.06654033809900284,0.8273608684539795,-0.5577153563499451),workspace})
	if not o then d=d+1 return end
	pz[4]=o
	f({'SyncResize',{{Part=o,CFrame=CFrame.new(-459.60504150390625,-121.65457153320312,-24.559633255004883,0.9797757267951965,0.051535915583372116,0.1933484971523285,0.18871136009693146,-0.5593013763427734,-0.8071989417076111,0.06654033809900284,0.8273608684539795,-0.5577153563499451),Size=Vector3.new(1.054000,23.621996,33.232346)}}})
	f({'SyncColor',{{Part=o,Color=Color3.new(0.227451,0.490196,0.082353),UnionColoring=false}}})
	f({'SyncMaterial',{{Part=o,Material=Enum.Material.Plastic,Transparency=0.000000,Reflectance=0.000000}}})
	f({'SyncCollision',{{Part=o,CanCollide=true}}})
	f({'SyncAnchor',{{Part=o,Anchored=true}}})
	f({'SetName',{o},'Wedge'})
	f({'SetLocked',{o},false})
	f({'CreateMeshes',{{Part=o}}})
	f({'SyncMesh',{{Part=o,MeshId=nil,TextureId=nil,MeshType=Enum.MeshType.Wedge,Scale=Vector3.new(0.000000,1.000000,1.000000),Offset=Vector3.new(0.000000,0.000000,0.000000)}}})
	f({'CreateTextures',{{Part=o,Face=Enum.NormalId.Right,TextureType='Decal'}}})
	f({'SyncTexture',{{Part=o,Face=Enum.NormalId.Right,TextureType='Decal',Texture='http://www.roblox.com/asset/?id=151712334',Transparency=0.000000}}})
	d=d+1
end)
task.spawn(function()
	local o=c({'CreatePart','Wedge',CFrame.new(202.00869750976562,-224.85806274414062,338.7344970703125,0.006175366695970297,0.7279976010322571,0.6855519413948059,0.9998979568481445,0.00433661974966526,-0.01361207477748394,-0.0128825344145298,0.6855661273002625,-0.7278964519500732),workspace})
	if not o then d=d+1 return end
	pz[5]=o
	f({'SyncResize',{{Part=o,CFrame=CFrame.new(202.00869750976562,-224.85806274414062,338.7344970703125,0.006175366695970297,0.7279976010322571,0.6855519413948059,0.9998979568481445,0.00433661974966526,-0.01361207477748394,-0.0128825344145298,0.6855661273002625,-0.7278964519500732),Size=Vector3.new(1.054000,198.834732,175.159958)}}})
	f({'SyncColor',{{Part=o,Color=Color3.new(0.992157,0.917647,0.552941),UnionColoring=false}}})
	f({'SyncMaterial',{{Part=o,Material=Enum.Material.Plastic,Transparency=0.000000,Reflectance=0.000000}}})
	f({'SyncCollision',{{Part=o,CanCollide=true}}})
	f({'SyncAnchor',{{Part=o,Anchored=true}}})
	f({'SetName',{o},'Wedge'})
	f({'SetLocked',{o},false})
	f({'CreateMeshes',{{Part=o}}})
	f({'SyncMesh',{{Part=o,MeshId=nil,TextureId=nil,MeshType=Enum.MeshType.Wedge,Scale=Vector3.new(0.000000,1.000000,1.000000),Offset=Vector3.new(0.000000,0.000000,0.000000)}}})
	f({'CreateTextures',{{Part=o,Face=Enum.NormalId.Right,TextureType='Decal'}}})
	f({'SyncTexture',{{Part=o,Face=Enum.NormalId.Right,TextureType='Decal',Texture='http://www.roblox.com/asset/?id=151712270',Transparency=0.000000}}})
	d=d+1
end)
task.spawn(function()
	local o=c({'CreatePart','Wedge',CFrame.new(255.81016540527344,-172.4951934814453,327.2771911621094,-0.03566417843103409,0.3233998119831085,-0.9455901384353638,0.6597874164581299,-0.7030495405197144,-0.2653336524963379,-0.7506055235862732,-0.6333513259887695,-0.1883014440536499),workspace})
	if not o then d=d+1 return end
	pz[6]=o
	f({'SyncResize',{{Part=o,CFrame=CFrame.new(255.81016540527344,-172.4951934814453,327.2771911621094,-0.03566417843103409,0.3233998119831085,-0.9455901384353638,0.6597874164581299,-0.7030495405197144,-0.2653336524963379,-0.7506055235862732,-0.6333513259887695,-0.1883014440536499),Size=Vector3.new(1.054000,24.487846,25.704031)}}})
	f({'SyncColor',{{Part=o,Color=Color3.new(0.992157,0.917647,0.552941),UnionColoring=false}}})
	f({'SyncMaterial',{{Part=o,Material=Enum.Material.Plastic,Transparency=0.000000,Reflectance=0.000000}}})
	f({'SyncCollision',{{Part=o,CanCollide=true}}})
	f({'SyncAnchor',{{Part=o,Anchored=true}}})
	f({'SetName',{o},'Wedge'})
	f({'SetLocked',{o},false})
	f({'CreateMeshes',{{Part=o}}})
	f({'SyncMesh',{{Part=o,MeshId=nil,TextureId=nil,MeshType=Enum.MeshType.Wedge,Scale=Vector3.new(0.000000,1.000000,1.000000),Offset=Vector3.new(0.000000,0.000000,0.000000)}}})
	f({'CreateTextures',{{Part=o,Face=Enum.NormalId.Right,TextureType='Decal'}}})
	f({'SyncTexture',{{Part=o,Face=Enum.NormalId.Right,TextureType='Decal',Texture='http://www.roblox.com/asset/?id=151712272',Transparency=0.000000}}})
	d=d+1
end)
task.spawn(function()
	local o=c({'CreatePart','Wedge',CFrame.new(255.81016540527344,-172.4951934814453,327.2771911621094,-0.28472617268562317,-0.5844078660011292,0.7598674297332764,0.7250272035598755,0.3872744143009186,0.5695209503173828,-0.6271097660064697,0.7130820155143738,0.3134444057941437),workspace})
	if not o then d=d+1 return end
	pz[7]=o
	f({'SyncResize',{{Part=o,CFrame=CFrame.new(255.81016540527344,-172.4951934814453,327.2771911621094,-0.28472617268562317,-0.5844078660011292,0.7598674297332764,0.7250272035598755,0.3872744143009186,0.5695209503173828,-0.6271097660064697,0.7130820155143738,0.3134444057941437),Size=Vector3.new(1.054000,14.243262,32.518940)}}})
	f({'SyncColor',{{Part=o,Color=Color3.new(0.992157,0.917647,0.552941),UnionColoring=false}}})
	f({'SyncMaterial',{{Part=o,Material=Enum.Material.Plastic,Transparency=0.000000,Reflectance=0.000000}}})
	f({'SyncCollision',{{Part=o,CanCollide=true}}})
	f({'SyncAnchor',{{Part=o,Anchored=true}}})
	f({'SetName',{o},'Wedge'})
	f({'SetLocked',{o},false})
	f({'CreateMeshes',{{Part=o}}})
	f({'SyncMesh',{{Part=o,MeshId=nil,TextureId=nil,MeshType=Enum.MeshType.Wedge,Scale=Vector3.new(0.000000,1.000000,1.000000),Offset=Vector3.new(0.000000,0.000000,0.000000)}}})
	f({'CreateTextures',{{Part=o,Face=Enum.NormalId.Right,TextureType='Decal'}}})
	f({'SyncTexture',{{Part=o,Face=Enum.NormalId.Right,TextureType='Decal',Texture='http://www.roblox.com/asset/?id=151712272',Transparency=0.000000}}})
	d=d+1
end)
task.spawn(function()
	local o=c({'CreatePart','Wedge',CFrame.new(200.25924682617188,-207.4674530029297,310.513916015625,0.0012636472238227725,0.9999805092811584,-0.006117155775427818,0.3368392884731293,-0.00618532532826066,-0.941541850566864,-0.9415613412857056,-0.0008707218221388757,-0.33684051036834717),workspace})
	if not o then d=d+1 return end
	pz[8]=o
	f({'SyncResize',{{Part=o,CFrame=CFrame.new(200.25924682617188,-207.4674530029297,310.513916015625,0.0012636472238227725,0.9999805092811584,-0.006117155775427818,0.3368392884731293,-0.00618532532826066,-0.941541850566864,-0.9415613412857056,-0.0008707218221388757,-0.33684051036834717),Size=Vector3.new(1.054000,78.938637,37.845638)}}})
	f({'SyncColor',{{Part=o,Color=Color3.new(0.992157,0.917647,0.552941),UnionColoring=false}}})
	f({'SyncMaterial',{{Part=o,Material=Enum.Material.Plastic,Transparency=0.000000,Reflectance=0.000000}}})
	f({'SyncCollision',{{Part=o,CanCollide=true}}})
	f({'SyncAnchor',{{Part=o,Anchored=true}}})
	f({'SetName',{o},'Wedge'})
	f({'SetLocked',{o},false})
	f({'CreateMeshes',{{Part=o}}})
	f({'SyncMesh',{{Part=o,MeshId=nil,TextureId=nil,MeshType=Enum.MeshType.Wedge,Scale=Vector3.new(0.000000,1.000000,1.000000),Offset=Vector3.new(0.000000,0.000000,0.000000)}}})
	f({'CreateTextures',{{Part=o,Face=Enum.NormalId.Right,TextureType='Decal'}}})
	f({'SyncTexture',{{Part=o,Face=Enum.NormalId.Right,TextureType='Decal',Texture='http://www.roblox.com/asset/?id=151712272',Transparency=0.000000}}})
	d=d+1
end)
task.spawn(function()
	local o=c({'CreatePart','Wedge',CFrame.new(261.9076843261719,-226.03912353515625,275.567626953125,-0.4851977229118347,-0.8688290119171143,0.09858714789152145,0.7811580300331116,-0.3800300359725952,0.49534788727760315,-0.39290651679039,0.317353755235672,0.8630823493003845),workspace})
	if not o then d=d+1 return end
	pz[9]=o
	f({'SyncResize',{{Part=o,CFrame=CFrame.new(261.9076843261719,-226.03912353515625,275.567626953125,-0.4851977229118347,-0.8688290119171143,0.09858714789152145,0.7811580300331116,-0.3800300359725952,0.49534788727760315,-0.39290651679039,0.317353755235672,0.8630823493003845),Size=Vector3.new(1.054000,56.476971,45.370136)}}})
	f({'SyncColor',{{Part=o,Color=Color3.new(0.992157,0.917647,0.552941),UnionColoring=false}}})
	f({'SyncMaterial',{{Part=o,Material=Enum.Material.Plastic,Transparency=0.000000,Reflectance=0.000000}}})
	f({'SyncCollision',{{Part=o,CanCollide=true}}})
	f({'SyncAnchor',{{Part=o,Anchored=true}}})
	f({'SetName',{o},'Wedge'})
	f({'SetLocked',{o},false})
	f({'CreateMeshes',{{Part=o}}})
	f({'SyncMesh',{{Part=o,MeshId=nil,TextureId=nil,MeshType=Enum.MeshType.Wedge,Scale=Vector3.new(0.000000,1.000000,1.000000),Offset=Vector3.new(0.000000,0.000000,0.000000)}}})
	f({'CreateTextures',{{Part=o,Face=Enum.NormalId.Right,TextureType='Decal'}}})
	f({'SyncTexture',{{Part=o,Face=Enum.NormalId.Right,TextureType='Decal',Texture='http://www.roblox.com/asset/?id=151712272',Transparency=0.000000}}})
	d=d+1
end)
task.spawn(function()
	local o=c({'CreatePart','Wedge',CFrame.new(204.26451110839844,-186.96182250976562,317.0118713378906,-0.03566443547606468,-0.9455890655517578,-0.3234027922153473,0.6597874164581299,-0.2653360068798065,0.7030487060546875,-0.7506056427955627,-0.18830323219299316,0.6333507895469666),workspace})
	if not o then d=d+1 return end
	pz[10]=o
	f({'SyncResize',{{Part=o,CFrame=CFrame.new(204.26451110839844,-186.96182250976562,317.0118713378906,-0.03566443547606468,-0.9455890655517578,-0.3234027922153473,0.6597874164581299,-0.2653360068798065,0.7030487060546875,-0.7506056427955627,-0.18830323219299316,0.6333507895469666),Size=Vector3.new(1.054000,83.333748,24.487846)}}})
	f({'SyncColor',{{Part=o,Color=Color3.new(0.992157,0.917647,0.552941),UnionColoring=false}}})
	f({'SyncMaterial',{{Part=o,Material=Enum.Material.Plastic,Transparency=0.000000,Reflectance=0.000000}}})
	f({'SyncCollision',{{Part=o,CanCollide=true}}})
	f({'SyncAnchor',{{Part=o,Anchored=true}}})
	f({'SetName',{o},'Wedge'})
	f({'SetLocked',{o},false})
	f({'CreateMeshes',{{Part=o}}})
	f({'SyncMesh',{{Part=o,MeshId=nil,TextureId=nil,MeshType=Enum.MeshType.Wedge,Scale=Vector3.new(0.000000,1.000000,1.000000),Offset=Vector3.new(0.000000,0.000000,0.000000)}}})
	f({'CreateTextures',{{Part=o,Face=Enum.NormalId.Right,TextureType='Decal'}}})
	f({'SyncTexture',{{Part=o,Face=Enum.NormalId.Right,TextureType='Decal',Texture='http://www.roblox.com/asset/?id=151712272',Transparency=0.000000}}})
	d=d+1
end)
task.spawn(function()
	local o=c({'CreatePart','Wedge',CFrame.new(330.3754577636719,-177.53359985351562,274.9503173828125,-0.5337523221969604,-0.30233892798423767,-0.7897466421127319,0.4784413278102875,-0.8780266046524048,0.012779345735907555,-0.6972821950912476,-0.3710263967514038,0.6133001446723938),workspace})
	if not o then d=d+1 return end
	pz[11]=o
	f({'SyncResize',{{Part=o,CFrame=CFrame.new(330.3754577636719,-177.53359985351562,274.9503173828125,-0.5337523221969604,-0.30233892798423767,-0.7897466421127319,0.4784413278102875,-0.8780266046524048,0.012779345735907555,-0.6972821950912476,-0.3710263967514038,0.6133001446723938),Size=Vector3.new(1.054000,36.196060,29.026474)}}})
	f({'SyncColor',{{Part=o,Color=Color3.new(0.992157,0.917647,0.552941),UnionColoring=false}}})
	f({'SyncMaterial',{{Part=o,Material=Enum.Material.Plastic,Transparency=0.000000,Reflectance=0.000000}}})
	f({'SyncCollision',{{Part=o,CanCollide=true}}})
	f({'SyncAnchor',{{Part=o,Anchored=true}}})
	f({'SetName',{o},'Wedge'})
	f({'SetLocked',{o},false})
	f({'CreateMeshes',{{Part=o}}})
	f({'SyncMesh',{{Part=o,MeshId=nil,TextureId=nil,MeshType=Enum.MeshType.Wedge,Scale=Vector3.new(0.000000,1.000000,1.000000),Offset=Vector3.new(0.000000,0.000000,0.000000)}}})
	f({'CreateTextures',{{Part=o,Face=Enum.NormalId.Right,TextureType='Decal'}}})
	f({'SyncTexture',{{Part=o,Face=Enum.NormalId.Right,TextureType='Decal',Texture='http://www.roblox.com/asset/?id=151712272',Transparency=0.000000}}})
	d=d+1
end)
task.spawn(function()
	local o=c({'CreatePart','Wedge',CFrame.new(298.82403564453125,-209.89178466796875,262.0760192871094,-0.48519766330718994,-0.09858297556638718,-0.8688294887542725,0.7811579704284668,-0.4953460991382599,-0.38003236055374146,-0.3929065465927124,-0.8630838394165039,0.3173496127128601),workspace})
	if not o then d=d+1 return end
	pz[12]=o
	f({'SyncResize',{{Part=o,CFrame=CFrame.new(298.82403564453125,-209.89178466796875,262.0760192871094,-0.48519766330718994,-0.09858297556638718,-0.8688294887542725,0.7811579704284668,-0.4953460991382599,-0.38003236055374146,-0.3929065465927124,-0.8630838394165039,0.3173496127128601),Size=Vector3.new(1.054000,45.370136,28.502956)}}})
	f({'SyncColor',{{Part=o,Color=Color3.new(0.992157,0.917647,0.552941),UnionColoring=false}}})
	f({'SyncMaterial',{{Part=o,Material=Enum.Material.Plastic,Transparency=0.000000,Reflectance=0.000000}}})
	f({'SyncCollision',{{Part=o,CanCollide=true}}})
	f({'SyncAnchor',{{Part=o,Anchored=true}}})
	f({'SetName',{o},'Wedge'})
	f({'SetLocked',{o},false})
	f({'CreateMeshes',{{Part=o}}})
	f({'SyncMesh',{{Part=o,MeshId=nil,TextureId=nil,MeshType=Enum.MeshType.Wedge,Scale=Vector3.new(0.000000,1.000000,1.000000),Offset=Vector3.new(0.000000,0.000000,0.000000)}}})
	f({'CreateTextures',{{Part=o,Face=Enum.NormalId.Right,TextureType='Decal'}}})
	f({'SyncTexture',{{Part=o,Face=Enum.NormalId.Right,TextureType='Decal',Texture='http://www.roblox.com/asset/?id=151712272',Transparency=0.000000}}})
	d=d+1
end)
task.spawn(function()
	local o=c({'CreatePart','Wedge',CFrame.new(330.3754577636719,-177.53359985351562,274.9503173828125,-0.6833434700965881,0.545723021030426,0.48500317335128784,0.7197438478469849,0.6150091290473938,0.32207542657852173,-0.12251733988523483,0.5691661238670349,-0.8130432963371277),workspace})
	if not o then d=d+1 return end
	pz[13]=o
	f({'SyncResize',{{Part=o,CFrame=CFrame.new(330.3754577636719,-177.53359985351562,274.9503173828125,-0.6833434700965881,0.545723021030426,0.48500317335128784,0.7197438478469849,0.6150091290473938,0.32207542657852173,-0.12251733988523483,0.5691661238670349,-0.8130432963371277),Size=Vector3.new(1.054000,35.310940,30.096975)}}})
	f({'SyncColor',{{Part=o,Color=Color3.new(0.992157,0.917647,0.552941),UnionColoring=false}}})
	f({'SyncMaterial',{{Part=o,Material=Enum.Material.Plastic,Transparency=0.000000,Reflectance=0.000000}}})
	f({'SyncCollision',{{Part=o,CanCollide=true}}})
	f({'SyncAnchor',{{Part=o,Anchored=true}}})
	f({'SetName',{o},'Wedge'})
	f({'SetLocked',{o},false})
	f({'CreateMeshes',{{Part=o}}})
	f({'SyncMesh',{{Part=o,MeshId=nil,TextureId=nil,MeshType=Enum.MeshType.Wedge,Scale=Vector3.new(0.000000,1.000000,1.000000),Offset=Vector3.new(0.000000,0.000000,0.000000)}}})
	f({'CreateTextures',{{Part=o,Face=Enum.NormalId.Right,TextureType='Decal'}}})
	f({'SyncTexture',{{Part=o,Face=Enum.NormalId.Right,TextureType='Decal',Texture='http://www.roblox.com/asset/?id=151712272',Transparency=0.000000}}})
	d=d+1
end)
task.spawn(function()
	local o=c({'CreatePart','Wedge',CFrame.new(243.6154022216797,-205.02720642089844,310.6029357910156,-0.452310174703598,-0.20137207210063934,0.868829607963562,0.348541796207428,0.8567929267883301,0.38003218173980713,-0.8209349513053894,0.47471579909324646,-0.3173495829105377),workspace})
	if not o then d=d+1 return end
	pz[14]=o
	f({'SyncResize',{{Part=o,CFrame=CFrame.new(243.6154022216797,-205.02720642089844,310.6029357910156,-0.452310174703598,-0.20137207210063934,0.868829607963562,0.348541796207428,0.8567929267883301,0.38003218173980713,-0.8209349513053894,0.47471579909324646,-0.3173495829105377),Size=Vector3.new(1.054000,39.700481,18.424530)}}})
	f({'SyncColor',{{Part=o,Color=Color3.new(0.992157,0.917647,0.552941),UnionColoring=false}}})
	f({'SyncMaterial',{{Part=o,Material=Enum.Material.Plastic,Transparency=0.000000,Reflectance=0.000000}}})
	f({'SyncCollision',{{Part=o,CanCollide=true}}})
	f({'SyncAnchor',{{Part=o,Anchored=true}}})
	f({'SetName',{o},'Wedge'})
	f({'SetLocked',{o},false})
	f({'CreateMeshes',{{Part=o}}})
	f({'SyncMesh',{{Part=o,MeshId=nil,TextureId=nil,MeshType=Enum.MeshType.Wedge,Scale=Vector3.new(0.000000,1.000000,1.000000),Offset=Vector3.new(0.000000,0.000000,0.000000)}}})
	f({'CreateTextures',{{Part=o,Face=Enum.NormalId.Right,TextureType='Decal'}}})
	f({'SyncTexture',{{Part=o,Face=Enum.NormalId.Right,TextureType='Decal',Texture='http://www.roblox.com/asset/?id=151712272',Transparency=0.000000}}})
	d=d+1
end)
task.spawn(function()
	local o=c({'CreatePart','Wedge',CFrame.new(280.53704833984375,-188.8745880126953,297.1166076660156,-0.45231056213378906,0.8688299059867859,0.2013695389032364,0.34854161739349365,0.3800298273563385,-0.8567941188812256,-0.8209347724914551,-0.31735140085220337,-0.47471487522125244),workspace})
	if not o then d=d+1 return end
	pz[15]=o
	f({'SyncResize',{{Part=o,CFrame=CFrame.new(280.53704833984375,-188.8745880126953,297.1166076660156,-0.45231056213378906,0.8688299059867859,0.2013695389032364,0.34854161739349365,0.3800298273563385,-0.8567941188812256,-0.8209347724914551,-0.31735140085220337,-0.47471487522125244),Size=Vector3.new(1.054000,66.555397,39.700481)}}})
	f({'SyncColor',{{Part=o,Color=Color3.new(0.992157,0.917647,0.552941),UnionColoring=false}}})
	f({'SyncMaterial',{{Part=o,Material=Enum.Material.Plastic,Transparency=0.000000,Reflectance=0.000000}}})
	f({'SyncCollision',{{Part=o,CanCollide=true}}})
	f({'SyncAnchor',{{Part=o,Anchored=true}}})
	f({'SetName',{o},'Wedge'})
	f({'SetLocked',{o},false})
	f({'CreateMeshes',{{Part=o}}})
	f({'SyncMesh',{{Part=o,MeshId=nil,TextureId=nil,MeshType=Enum.MeshType.Wedge,Scale=Vector3.new(0.000000,1.000000,1.000000),Offset=Vector3.new(0.000000,0.000000,0.000000)}}})
	f({'CreateTextures',{{Part=o,Face=Enum.NormalId.Right,TextureType='Decal'}}})
	f({'SyncTexture',{{Part=o,Face=Enum.NormalId.Right,TextureType='Decal',Texture='http://www.roblox.com/asset/?id=151712272',Transparency=0.000000}}})
	d=d+1
end)
task.spawn(function()
	local o=c({'CreatePart','Wedge',CFrame.new(298.82403564453125,-209.89178466796875,262.0760192871094,-0.6864237785339355,0.2331572026014328,0.6888106465339661,0.7162486910820007,0.3805469870567322,0.584954559803009,-0.12573842704296112,0.8948865532875061,-0.428214967250824),workspace})
	if not o then d=d+1 return end
	pz[16]=o
	f({'SyncResize',{{Part=o,CFrame=CFrame.new(298.82403564453125,-209.89178466796875,262.0760192871094,-0.6864237785339355,0.2331572026014328,0.6888106465339661,0.7162486910820007,0.3805469870567322,0.584954559803009,-0.12573842704296112,0.8948865532875061,-0.428214967250824),Size=Vector3.new(1.054000,46.438694,26.726681)}}})
	f({'SyncColor',{{Part=o,Color=Color3.new(0.992157,0.917647,0.552941),UnionColoring=false}}})
	f({'SyncMaterial',{{Part=o,Material=Enum.Material.Plastic,Transparency=0.000000,Reflectance=0.000000}}})
	f({'SyncCollision',{{Part=o,CanCollide=true}}})
	f({'SyncAnchor',{{Part=o,Anchored=true}}})
	f({'SetName',{o},'Wedge'})
	f({'SetLocked',{o},false})
	f({'CreateMeshes',{{Part=o}}})
	f({'SyncMesh',{{Part=o,MeshId=nil,TextureId=nil,MeshType=Enum.MeshType.Wedge,Scale=Vector3.new(0.000000,1.000000,1.000000),Offset=Vector3.new(0.000000,0.000000,0.000000)}}})
	f({'CreateTextures',{{Part=o,Face=Enum.NormalId.Right,TextureType='Decal'}}})
	f({'SyncTexture',{{Part=o,Face=Enum.NormalId.Right,TextureType='Decal',Texture='http://www.roblox.com/asset/?id=151712272',Transparency=0.000000}}})
	d=d+1
end)
task.spawn(function()
	local o=c({'CreatePart','Wedge',CFrame.new(243.6154022216797,-205.02720642089844,310.6029357910156,-0.015199238434433937,0.8990596532821655,-0.4375622868537903,0.3047785460948944,-0.41262197494506836,-0.8584015369415283,-0.9523020386695862,-0.1464066207408905,-0.2677425146102905),workspace})
	if not o then d=d+1 return end
	pz[17]=o
	f({'SyncResize',{{Part=o,CFrame=CFrame.new(243.6154022216797,-205.02720642089844,310.6029357910156,-0.015199238434433937,0.8990596532821655,-0.4375622868537903,0.3047785460948944,-0.41262197494506836,-0.8584015369415283,-0.9523020386695862,-0.1464066207408905,-0.2677425146102905),Size=Vector3.new(1.054000,11.623128,42.195900)}}})
	f({'SyncColor',{{Part=o,Color=Color3.new(0.992157,0.917647,0.552941),UnionColoring=false}}})
	f({'SyncMaterial',{{Part=o,Material=Enum.Material.Plastic,Transparency=0.000000,Reflectance=0.000000}}})
	f({'SyncCollision',{{Part=o,CanCollide=true}}})
	f({'SyncAnchor',{{Part=o,Anchored=true}}})
	f({'SetName',{o},'Wedge'})
	f({'SetLocked',{o},false})
	f({'CreateMeshes',{{Part=o}}})
	f({'SyncMesh',{{Part=o,MeshId=nil,TextureId=nil,MeshType=Enum.MeshType.Wedge,Scale=Vector3.new(0.000000,1.000000,1.000000),Offset=Vector3.new(0.000000,0.000000,0.000000)}}})
	f({'CreateTextures',{{Part=o,Face=Enum.NormalId.Right,TextureType='Decal'}}})
	f({'SyncTexture',{{Part=o,Face=Enum.NormalId.Right,TextureType='Decal',Texture='http://www.roblox.com/asset/?id=151712272',Transparency=0.000000}}})
	d=d+1
end)
task.spawn(function()
	local o=c({'CreatePart','Wedge',CFrame.new(204.26451110839844,-186.96182250976562,317.0118713378906,-0.015199216082692146,0.43755775690078735,0.899061918258667,0.3047785460948944,0.8584036231040955,-0.41261765360832214,-0.9523020386695862,0.2677432596683502,-0.14640527963638306),workspace})
	if not o then d=d+1 return end
	pz[18]=o
	f({'SyncResize',{{Part=o,CFrame=CFrame.new(204.26451110839844,-186.96182250976562,317.0118713378906,-0.015199216082692146,0.43755775690078735,0.899061918258667,0.3047785460948944,0.8584036231040955,-0.41261765360832214,-0.9523020386695862,0.2677432596683502,-0.14640527963638306),Size=Vector3.new(1.054000,42.195900,75.918869)}}})
	f({'SyncColor',{{Part=o,Color=Color3.new(0.992157,0.917647,0.552941),UnionColoring=false}}})
	f({'SyncMaterial',{{Part=o,Material=Enum.Material.Plastic,Transparency=0.000000,Reflectance=0.000000}}})
	f({'SyncCollision',{{Part=o,CanCollide=true}}})
	f({'SyncAnchor',{{Part=o,Anchored=true}}})
	f({'SetName',{o},'Wedge'})
	f({'SetLocked',{o},false})
	f({'CreateMeshes',{{Part=o}}})
	f({'SyncMesh',{{Part=o,MeshId=nil,TextureId=nil,MeshType=Enum.MeshType.Wedge,Scale=Vector3.new(0.000000,1.000000,1.000000),Offset=Vector3.new(0.000000,0.000000,0.000000)}}})
	f({'CreateTextures',{{Part=o,Face=Enum.NormalId.Right,TextureType='Decal'}}})
	f({'SyncTexture',{{Part=o,Face=Enum.NormalId.Right,TextureType='Decal',Texture='http://www.roblox.com/asset/?id=151712272',Transparency=0.000000}}})
	d=d+1
end)
task.spawn(function()
	local o=c({'CreatePart','Wedge',CFrame.new(280.53704833984375,-188.8745880126953,297.1166076660156,-0.2847263216972351,-0.7598641514778137,-0.5844120383262634,0.7250270843505859,-0.569523274898529,0.38727137446403503,-0.6271098852157593,-0.3134482204914093,0.7130802869796753),workspace})
	if not o then d=d+1 return end
	pz[19]=o
	f({'SyncResize',{{Part=o,CFrame=CFrame.new(280.53704833984375,-188.8745880126953,297.1166076660156,-0.2847263216972351,-0.7598641514778137,-0.5844120383262634,0.7250270843505859,-0.569523274898529,0.38727137446403503,-0.6271098852157593,-0.3134482204914093,0.7130802869796753),Size=Vector3.new(1.054000,32.518940,70.343941)}}})
	f({'SyncColor',{{Part=o,Color=Color3.new(0.992157,0.917647,0.552941),UnionColoring=false}}})
	f({'SyncMaterial',{{Part=o,Material=Enum.Material.Plastic,Transparency=0.000000,Reflectance=0.000000}}})
	f({'SyncCollision',{{Part=o,CanCollide=true}}})
	f({'SyncAnchor',{{Part=o,Anchored=true}}})
	f({'SetName',{o},'Wedge'})
	f({'SetLocked',{o},false})
	f({'CreateMeshes',{{Part=o}}})
	f({'SyncMesh',{{Part=o,MeshId=nil,TextureId=nil,MeshType=Enum.MeshType.Wedge,Scale=Vector3.new(0.000000,1.000000,1.000000),Offset=Vector3.new(0.000000,0.000000,0.000000)}}})
	f({'CreateTextures',{{Part=o,Face=Enum.NormalId.Right,TextureType='Decal'}}})
	f({'SyncTexture',{{Part=o,Face=Enum.NormalId.Right,TextureType='Decal',Texture='http://www.roblox.com/asset/?id=151712272',Transparency=0.000000}}})
	d=d+1
end)
task.spawn(function()
	local o=c({'CreatePart','Wedge',CFrame.new(342.98687744140625,-227.64724731445312,189.05433654785156,0.006175366695970297,0.6855517625808716,-0.7279976606369019,0.9998979568481445,-0.01361207477748394,-0.004336616490036249,-0.0128825344145298,-0.7278965711593628,-0.6855658888816833),workspace})
	if not o then d=d+1 return end
	pz[20]=o
	f({'SyncResize',{{Part=o,CFrame=CFrame.new(342.98687744140625,-227.64724731445312,189.05433654785156,0.006175366695970297,0.6855517625808716,-0.7279976606369019,0.9998979568481445,-0.01361207477748394,-0.004336616490036249,-0.0128825344145298,-0.7278965711593628,-0.6855658888816833),Size=Vector3.new(1.054000,236.093094,198.834732)}}})
	f({'SyncColor',{{Part=o,Color=Color3.new(0.992157,0.917647,0.552941),UnionColoring=false}}})
	f({'SyncMaterial',{{Part=o,Material=Enum.Material.Plastic,Transparency=0.000000,Reflectance=0.000000}}})
	f({'SyncCollision',{{Part=o,CanCollide=true}}})
	f({'SyncAnchor',{{Part=o,Anchored=true}}})
	f({'SetName',{o},'Wedge'})
	f({'SetLocked',{o},false})
	f({'CreateMeshes',{{Part=o}}})
	f({'SyncMesh',{{Part=o,MeshId=nil,TextureId=nil,MeshType=Enum.MeshType.Wedge,Scale=Vector3.new(0.000000,1.000000,1.000000),Offset=Vector3.new(0.000000,0.000000,0.000000)}}})
	f({'CreateTextures',{{Part=o,Face=Enum.NormalId.Right,TextureType='Decal'}}})
	f({'SyncTexture',{{Part=o,Face=Enum.NormalId.Right,TextureType='Decal',Texture='http://www.roblox.com/asset/?id=151712270',Transparency=0.000000}}})
	d=d+1
end)
task.spawn(function()
	local o=c({'CreatePart','Wedge',CFrame.new(321.7169494628906,-194.6829833984375,223.69972229003906,-0.5422195792198181,0.7354874610900879,0.40627118945121765,0.807784378528595,0.3232101500034332,0.49297022819519043,0.23126240074634552,0.5954775810241699,-0.7693661451339722),workspace})
	if not o then d=d+1 return end
	pz[21]=o
	f({'SyncResize',{{Part=o,CFrame=CFrame.new(321.7169494628906,-194.6829833984375,223.69972229003906,-0.5422195792198181,0.7354874610900879,0.40627118945121765,0.807784378528595,0.3232101500034332,0.49297022819519043,0.23126240074634552,0.5954775810241699,-0.7693661451339722),Size=Vector3.new(1.054000,47.996323,97.768448)}}})
	f({'SyncColor',{{Part=o,Color=Color3.new(0.992157,0.917647,0.552941),UnionColoring=false}}})
	f({'SyncMaterial',{{Part=o,Material=Enum.Material.Plastic,Transparency=0.000000,Reflectance=0.000000}}})
	f({'SyncCollision',{{Part=o,CanCollide=true}}})
	f({'SyncAnchor',{{Part=o,Anchored=true}}})
	f({'SetName',{o},'Wedge'})
	f({'SetLocked',{o},false})
	f({'CreateMeshes',{{Part=o}}})
	f({'SyncMesh',{{Part=o,MeshId=nil,TextureId=nil,MeshType=Enum.MeshType.Wedge,Scale=Vector3.new(0.000000,1.000000,1.000000),Offset=Vector3.new(0.000000,0.000000,0.000000)}}})
	f({'CreateTextures',{{Part=o,Face=Enum.NormalId.Right,TextureType='Decal'}}})
	f({'SyncTexture',{{Part=o,Face=Enum.NormalId.Right,TextureType='Decal',Texture='http://www.roblox.com/asset/?id=151712272',Transparency=0.000000}}})
	d=d+1
end)
task.spawn(function()
	local o=c({'CreatePart','Wedge',CFrame.new(201.67166137695312,-220.3162841796875,271.6369934082031,-0.24667349457740784,-0.9446224570274353,-0.21642708778381348,0.6560670137405396,0.001591512467712164,-0.7547008991241455,0.7132518291473389,-0.32815542817115784,0.619343101978302),workspace})
	if not o then d=d+1 return end
	pz[22]=o
	f({'SyncResize',{{Part=o,CFrame=CFrame.new(201.67166137695312,-220.3162841796875,271.6369934082031,-0.24667349457740784,-0.9446224570274353,-0.21642708778381348,0.6560670137405396,0.001591512467712164,-0.7547008991241455,0.7132518291473389,-0.32815542817115784,0.619343101978302),Size=Vector3.new(1.054000,11.735273,14.141479)}}})
	f({'SyncColor',{{Part=o,Color=Color3.new(0.705882,0.823529,0.894118),UnionColoring=false}}})
	f({'SyncMaterial',{{Part=o,Material=Enum.Material.Plastic,Transparency=0.000000,Reflectance=0.000000}}})
	f({'SyncCollision',{{Part=o,CanCollide=true}}})
	f({'SyncAnchor',{{Part=o,Anchored=true}}})
	f({'SetName',{o},'Wedge'})
	f({'SetLocked',{o},false})
	f({'CreateMeshes',{{Part=o}}})
	f({'SyncMesh',{{Part=o,MeshId=nil,TextureId=nil,MeshType=Enum.MeshType.Wedge,Scale=Vector3.new(0.000000,1.000000,1.000000),Offset=Vector3.new(0.000000,0.000000,0.000000)}}})
	f({'CreateTextures',{{Part=o,Face=Enum.NormalId.Right,TextureType='Decal'}}})
	f({'SyncTexture',{{Part=o,Face=Enum.NormalId.Right,TextureType='Decal',Texture='http://www.roblox.com/asset/?id=151712293',Transparency=0.000000}}})
	d=d+1
end)
task.spawn(function()
	local o=c({'CreatePart','Wedge',CFrame.new(353.26312255859375,-162.3300323486328,236.56886291503906,-0.683343768119812,0.4850029945373535,-0.5457229018211365,0.7197438478469849,0.32207635045051575,-0.6150087118148804,-0.12251664698123932,-0.8130429983139038,-0.5691667199134827),workspace})
	if not o then d=d+1 return end
	pz[23]=o
	f({'SyncResize',{{Part=o,CFrame=CFrame.new(353.26312255859375,-162.3300323486328,236.56886291503906,-0.683343768119812,0.4850029945373535,-0.5457229018211365,0.7197438478469849,0.32207635045051575,-0.6150087118148804,-0.12251664698123932,-0.8130429983139038,-0.5691667199134827),Size=Vector3.new(1.054000,64.302986,35.310940)}}})
	f({'SyncColor',{{Part=o,Color=Color3.new(0.992157,0.917647,0.552941),UnionColoring=false}}})
	f({'SyncMaterial',{{Part=o,Material=Enum.Material.Plastic,Transparency=0.000000,Reflectance=0.000000}}})
	f({'SyncCollision',{{Part=o,CanCollide=true}}})
	f({'SyncAnchor',{{Part=o,Anchored=true}}})
	f({'SetName',{o},'Wedge'})
	f({'SetLocked',{o},false})
	f({'CreateMeshes',{{Part=o}}})
	f({'SyncMesh',{{Part=o,MeshId=nil,TextureId=nil,MeshType=Enum.MeshType.Wedge,Scale=Vector3.new(0.000000,1.000000,1.000000),Offset=Vector3.new(0.000000,0.000000,0.000000)}}})
	f({'CreateTextures',{{Part=o,Face=Enum.NormalId.Right,TextureType='Decal'}}})
	f({'SyncTexture',{{Part=o,Face=Enum.NormalId.Right,TextureType='Decal',Texture='http://www.roblox.com/asset/?id=151712272',Transparency=0.000000}}})
	d=d+1
end)
task.spawn(function()
	local o=c({'CreatePart','Wedge',CFrame.new(336.33074951171875,-178.04000854492188,238.75613403320312,-0.6864235997200012,0.6888113021850586,-0.2331557720899582,0.7162488698959351,0.5849551558494568,-0.3805457651615143,-0.12573856115341187,-0.4282131493091583,-0.894887387752533),workspace})
	if not o then d=d+1 return end
	pz[24]=o
	f({'SyncResize',{{Part=o,CFrame=CFrame.new(336.33074951171875,-178.04000854492188,238.75613403320312,-0.6864235997200012,0.6888113021850586,-0.2331557720899582,0.7162488698959351,0.5849551558494568,-0.3805457651615143,-0.12573856115341187,-0.4282131493091583,-0.894887387752533),Size=Vector3.new(1.054000,82.187584,46.438694)}}})
	f({'SyncColor',{{Part=o,Color=Color3.new(0.992157,0.917647,0.552941),UnionColoring=false}}})
	f({'SyncMaterial',{{Part=o,Material=Enum.Material.Plastic,Transparency=0.000000,Reflectance=0.000000}}})
	f({'SyncCollision',{{Part=o,CanCollide=true}}})
	f({'SyncAnchor',{{Part=o,Anchored=true}}})
	f({'SetName',{o},'Wedge'})
	f({'SetLocked',{o},false})
	f({'CreateMeshes',{{Part=o}}})
	f({'SyncMesh',{{Part=o,MeshId=nil,TextureId=nil,MeshType=Enum.MeshType.Wedge,Scale=Vector3.new(0.000000,1.000000,1.000000),Offset=Vector3.new(0.000000,0.000000,0.000000)}}})
	f({'CreateTextures',{{Part=o,Face=Enum.NormalId.Right,TextureType='Decal'}}})
	f({'SyncTexture',{{Part=o,Face=Enum.NormalId.Right,TextureType='Decal',Texture='http://www.roblox.com/asset/?id=151712272',Transparency=0.000000}}})
	d=d+1
end)
task.spawn(function()
	local o=c({'CreatePart','Wedge',CFrame.new(211.76901245117188,-220.33200073242188,275.1519775390625,-0.24667266011238098,0.21644461154937744,-0.9446186423301697,0.6560671329498291,0.7547008991241455,0.0016060643829405308,0.7132521271705627,-0.6193370819091797,-0.3281662166118622),workspace})
	if not o then d=d+1 return end
	pz[25]=o
	f({'SyncResize',{{Part=o,CFrame=CFrame.new(211.76901245117188,-220.33200073242188,275.1519775390625,-0.24667266011238098,0.21644461154937744,-0.9446186423301697,0.6560671329498291,0.7547008991241455,0.0016060643829405308,0.7132521271705627,-0.6193370819091797,-0.3281662166118622),Size=Vector3.new(1.054000,14.141479,9.656038)}}})
	f({'SyncColor',{{Part=o,Color=Color3.new(0.705882,0.823529,0.894118),UnionColoring=false}}})
	f({'SyncMaterial',{{Part=o,Material=Enum.Material.Plastic,Transparency=0.000000,Reflectance=0.000000}}})
	f({'SyncCollision',{{Part=o,CanCollide=true}}})
	f({'SyncAnchor',{{Part=o,Anchored=true}}})
	f({'SetName',{o},'Wedge'})
	f({'SetLocked',{o},false})
	f({'CreateMeshes',{{Part=o}}})
	f({'SyncMesh',{{Part=o,MeshId=nil,TextureId=nil,MeshType=Enum.MeshType.Wedge,Scale=Vector3.new(0.000000,1.000000,1.000000),Offset=Vector3.new(0.000000,0.000000,0.000000)}}})
	f({'CreateTextures',{{Part=o,Face=Enum.NormalId.Right,TextureType='Decal'}}})
	f({'SyncTexture',{{Part=o,Face=Enum.NormalId.Right,TextureType='Decal',Texture='http://www.roblox.com/asset/?id=151712293',Transparency=0.000000}}})
	d=d+1
end)
task.spawn(function()
	local o=c({'CreatePart','Wedge',CFrame.new(213.00216674804688,-220.5113525390625,261.89788818359375,0.8324975371360779,-0.5463379621505737,-0.09199278056621552,0.5496495366096497,0.8352879881858826,0.013396333903074265,0.06952152401208878,-0.06171620264649391,0.9956696033477783),workspace})
	if not o then d=d+1 return end
	pz[26]=o
	f({'SyncResize',{{Part=o,CFrame=CFrame.new(213.00216674804688,-220.5113525390625,261.89788818359375,0.8324975371360779,-0.5463379621505737,-0.09199278056621552,0.5496495366096497,0.8352879881858826,0.013396333903074265,0.06952152401208878,-0.06171620264649391,0.9956696033477783),Size=Vector3.new(1.054000,12.974937,15.450265)}}})
	f({'SyncColor',{{Part=o,Color=Color3.new(0.705882,0.823529,0.894118),UnionColoring=false}}})
	f({'SyncMaterial',{{Part=o,Material=Enum.Material.Plastic,Transparency=0.000000,Reflectance=0.000000}}})
	f({'SyncCollision',{{Part=o,CanCollide=true}}})
	f({'SyncAnchor',{{Part=o,Anchored=true}}})
	f({'SetName',{o},'Wedge'})
	f({'SetLocked',{o},false})
	f({'CreateMeshes',{{Part=o}}})
	f({'SyncMesh',{{Part=o,MeshId=nil,TextureId=nil,MeshType=Enum.MeshType.Wedge,Scale=Vector3.new(0.000000,1.000000,1.000000),Offset=Vector3.new(0.000000,0.000000,0.000000)}}})
	f({'CreateTextures',{{Part=o,Face=Enum.NormalId.Right,TextureType='Decal'}}})
	f({'SyncTexture',{{Part=o,Face=Enum.NormalId.Right,TextureType='Decal',Texture='http://www.roblox.com/asset/?id=151712293',Transparency=0.000000}}})
	d=d+1
end)
task.spawn(function()
	local o=c({'CreatePart','Wedge',CFrame.new(211.76901245117188,-220.33200073242188,275.1519775390625,0.8324974775314331,-0.09200728684663773,0.5463355779647827,0.5496495366096497,0.013417617417871952,-0.8352875709533691,0.06952201575040817,0.9956679940223694,0.061741895973682404),workspace})
	if not o then d=d+1 return end
	pz[27]=o
	f({'SyncResize',{{Part=o,CFrame=CFrame.new(211.76901245117188,-220.33200073242188,275.1519775390625,0.8324974775314331,-0.09200728684663773,0.5463355779647827,0.5496495366096497,0.013417617417871952,-0.8352875709533691,0.06952201575040817,0.9956679940223694,0.061741895973682404),Size=Vector3.new(1.054000,11.174589,12.974937)}}})
	f({'SyncColor',{{Part=o,Color=Color3.new(0.705882,0.823529,0.894118),UnionColoring=false}}})
	f({'SyncMaterial',{{Part=o,Material=Enum.Material.Plastic,Transparency=0.000000,Reflectance=0.000000}}})
	f({'SyncCollision',{{Part=o,CanCollide=true}}})
	f({'SyncAnchor',{{Part=o,Anchored=true}}})
	f({'SetName',{o},'Wedge'})
	f({'SetLocked',{o},false})
	f({'CreateMeshes',{{Part=o}}})
